"original_taxa","accepted_wfo","wfo_taxonID","wfo_rank","wfo_authorship","wfo_family","wfo_genus","wfo_status","wfo_match"
"Abies","Abies","wfo-4000000038","genus","Mill.","Pinaceae","Abies","Accepted","MATCH"
"Abutilon","Abutilon","wfo-4000000069","genus","Mill.","Malvaceae","Abutilon","Accepted","MATCH"
"Abutilon teophrasti","Abutilon theophrasti","wfo-0000512325","species","Medik.","Malvaceae","Abutilon","Accepted","FUZZY"
"Abutilon theophrasti","Abutilon theophrasti","wfo-0000512325","species","Medik.","Malvaceae","Abutilon","Accepted","MATCH"
"Acacia","Acacia","wfo-4000000074","genus","Mill.","Fabaceae","Acacia","Accepted","MATCH"
"Acalypha","Acalypha","wfo-4000000080","genus","L.","Euphorbiaceae","Acalypha","Accepted","MATCH"
"Acalypha ostryifolia","Acalypha persimilis","wfo-0000216374","species","Müll.Arg.","Euphorbiaceae","Acalypha","Accepted","MATCH"
"Acalypha virginica","Acalypha virginica","wfo-0000252267","species","L.","Euphorbiaceae","Acalypha","Accepted","MATCH"
"Acer","Acer","wfo-4000000188","genus","L.","Sapindaceae","Acer","Accepted","MATCH"
"Acer campestre","Acer campestre","wfo-0000514040","species","L.","Sapindaceae","Acer","Accepted","MATCH"
"Acer negundo","Acer negundo","wfo-0000514643","species","L.","Sapindaceae","Acer","Accepted","MATCH"
"Acer platanoides","Acer platanoides","wfo-0000514884","species","L.","Sapindaceae","Acer","Accepted","MATCH"
"Acer pseudoplatanus","Acer pseudoplatanus","wfo-0000514908","species","L.","Sapindaceae","Acer","Accepted","MATCH"
"Acer rubrum","Acer rubrum","wfo-0000514966","species","L.","Sapindaceae","Acer","Accepted","MATCH"
"Achillea","Achillea","wfo-4000000214","genus","L.","Asteraceae","Achillea","Accepted","MATCH"
"Achillea collina","Achillea collina","wfo-0000070589","species","(Becker ex Rchb.f.) Heimerl","Asteraceae","Achillea","Accepted","MATCH"
"Achillea ligustica","Achillea ligustica","wfo-0000032595","species","All.","Asteraceae","Achillea","Accepted","MATCH"
"Achillea millefolium","Achillea millefolium","wfo-0000042097","species","L.","Asteraceae","Achillea","Accepted","MATCH"
"Achillea millefolium ceretanica","Achillea millefolium","wfo-0000042097","species","L.","Asteraceae","Achillea","Accepted","FUZZY"
"Achillea millefolium millefolium","Achillea millefolium","wfo-0000042097","species","L.","Asteraceae","Achillea","Accepted","FUZZY"
"Achillea nobilis","Achillea nobilis","wfo-0000092435","species","L.","Asteraceae","Achillea","Accepted","MATCH"
"Achillea nobilis nobilis","Achillea nobilis","wfo-0000092435","species","L.","Asteraceae","Achillea","Accepted","FUZZY"
"Achillea odorata","Aspilia silphioides","wfo-0000040535","species","Benth. & Hook.f.","Asteraceae","Aspilia","Accepted","MATCH"
"Achillea ptarmica","Achillea ptarmica","wfo-0000033807","species","L.","Asteraceae","Achillea","Accepted","MATCH"
"Achnatherum calamagrostis","Achnatherum calamagrostis","wfo-0000841262","species","(L.) P.Beauv.","Poaceae","Achnatherum","Accepted","MATCH"
"Acinos arvensis","Clinopodium acinos","wfo-0000890516","species","(L.) Kuntze","Lamiaceae","Clinopodium","Accepted","MATCH"
"Adonis","Adonis","wfo-4000000720","genus","L.","Ranunculaceae","Adonis","Accepted","MATCH"
"Adonis aestivalis","Adonis aestivalis","wfo-0000521105","species","L.","Ranunculaceae","Adonis","Accepted","MATCH"
"Adonis aestivalis squarrosa","Adonis aestivalis","wfo-0000521105","species","L.","Ranunculaceae","Adonis","Accepted","FUZZY"
"Adonis annua","Adonis annua","wfo-0000521134","species","L.","Ranunculaceae","Adonis","Accepted","MATCH"
"Adonis flammea","Adonis flammea","wfo-0000521203","species","Jacq.","Ranunculaceae","Adonis","Accepted","MATCH"
"Adoxa moschatellina","Adoxa moschatellina","wfo-0000521309","species","L.","Viburnaceae","Adoxa","Accepted","MATCH"
"Aegilops","Aegilops","wfo-4000000750","genus","L.","Poaceae","Aegilops","Accepted","MATCH"
"Aegilops biuncialis","Aegilops biuncialis","wfo-0000841598","species","Vis.","Poaceae","Aegilops","Accepted","MATCH"
"Aegilops cylindrica","Aegilops cylindrica","wfo-0000841654","species","Host","Poaceae","Aegilops","Accepted","MATCH"
"Aegilops geniculata","Aegilops geniculata","wfo-0000841692","species","Roth","Poaceae","Aegilops","Accepted","MATCH"
"Aegilops neglecta","Aegilops neglecta","wfo-0000841503","species","Req. ex Bertol.","Poaceae","Aegilops","Accepted","MATCH"
"Aegilops ovata","Aegilops neglecta","wfo-0000841503","species","Req. ex Bertol.","Poaceae","Aegilops","Accepted","MATCH"
"Aegilops triuncialis","Aegilops triuncialis","wfo-0000841887","species","L.","Poaceae","Aegilops","Accepted","MATCH"
"Aegopodium podagraria","Aegopodium podagraria","wfo-0000521573","species","L.","Apiaceae","Aegopodium","Accepted","MATCH"
"Aesculus hippocastanum","Aesculus hippocastanum","wfo-0000522287","species","L.","Sapindaceae","Aesculus","Accepted","MATCH"
"Aethusa","Aethusa","wfo-4000000828","genus","L.","Apiaceae","Aethusa","Accepted","MATCH"
"Aethusa cynapium","Aethusa cynapium","wfo-0000522564","species","L.","Apiaceae","Aethusa","Accepted","MATCH"
"Aethusa cynapium agrestis","Aethusa cynapium subsp. segetalis","wfo-0000522571","subspecies","(Boenn.) Schübl. & G.Martens","Apiaceae","Aethusa","Accepted","FUZZY"
"Aethusa cynapium cynapium","Aethusa cynapium","wfo-0000522564","species","L.","Apiaceae","Aethusa","Accepted","FUZZY"
"Aethusa cynapium segetalis","Aethusa cynapium","wfo-0000522564","species","L.","Apiaceae","Aethusa","Accepted","FUZZY"
"Agrimonia","Agrimonia","wfo-4000000979","genus","L.","Rosaceae","Agrimonia","Accepted","MATCH"
"Agrimonia agrimonoides","Aremonia agrimonoides","wfo-0000990761","species","(L.) DC.","Rosaceae","Aremonia","Accepted","MATCH"
"Agrimonia eupatoria","Agrimonia eupatoria","wfo-0001006654","species","L.","Rosaceae","Agrimonia","Accepted","MATCH"
"Agrimonia eupatoria eupatoria","Agrimonia eupatoria","wfo-0001006654","species","L.","Rosaceae","Agrimonia","Accepted","FUZZY"
"Agropyron","Agropyron","wfo-4000000990","genus","Gaertn.","Poaceae","Agropyron","Accepted","MATCH"
"Agrostemma githago","Agrostemma githago","wfo-0000524512","species","L.","Caryophyllaceae","Agrostemma","Accepted","MATCH"
"Agrostis","Agrostis","wfo-4000000996","genus","L.","Poaceae","Agrostis","Accepted","MATCH"
"Agrostis canina","Agrostis canina","wfo-0000843382","species","L.","Poaceae","Agrostis","Accepted","MATCH"
"Agrostis capillaris","Agrostis capillaris","wfo-0000841743","species","L.","Poaceae","Agrostis","Accepted","MATCH"
"Agrostis curtisii","Alpagrostis setacea","wfo-1000020945","species","(Poir.) P.M.Peterson, Romasch., Soreng & Sylvester","Poaceae","Alpagrostis","Accepted","MATCH"
"Agrostis gigantea","Agrostis gigantea","wfo-0000843693","species","Roth","Poaceae","Agrostis","Accepted","MATCH"
"Agrostis stolonifera","Agrostis stolonifera","wfo-0000844489","species","L.","Poaceae","Agrostis","Accepted","MATCH"
"Agrostis stolonifera latifolia","Agrostis stolonifera","wfo-0000844489","species","L.","Poaceae","Agrostis","Accepted","FUZZY"
"Agrostis stolonifera stolonifera","Agrostis stolonifera","wfo-0000844489","species","L.","Poaceae","Agrostis","Accepted","FUZZY"
"Ailanthus altissima","Ailanthus altissima","wfo-0000524599","species","(Mill.) Swingle","Simaroubaceae","Ailanthus","Accepted","MATCH"
"Ailanthus altissimus","Ailanthus altissima","wfo-0000524599","species","(Mill.) Swingle","Simaroubaceae","Ailanthus","Accepted","FUZZY"
"Aira armoricana","Aira caryophyllea","wfo-0000844921","species","L.","Poaceae","Aira","Accepted","MATCH"
"Aira caryophyllea","Aira caryophyllea","wfo-0000844921","species","L.","Poaceae","Aira","Accepted","MATCH"
"Aira caryophyllea caryophyllea","Aira caryophyllea","wfo-0000844921","species","L.","Poaceae","Aira","Accepted","FUZZY"
"Aira cupaniana","Aira cupaniana","wfo-0000844979","species","Guss.","Poaceae","Aira","Accepted","MATCH"
"Aira multiculmis","Aira caryophyllea","wfo-0000844921","species","L.","Poaceae","Aira","Accepted","MATCH"
"Ajuga chamaepitys","Ajuga chamaepitys","wfo-0000933181","species","(L.) Schreb.","Lamiaceae","Ajuga","Accepted","MATCH"
"Ajuga genevensis","Ajuga genevensis","wfo-0000933858","species","L.","Lamiaceae","Ajuga","Accepted","MATCH"
"Ajuga iva","Ajuga iva","wfo-0000934146","species","(L.) Schreb.","Lamiaceae","Ajuga","Accepted","MATCH"
"Ajuga reptans","Ajuga reptans","wfo-0000935107","species","L.","Lamiaceae","Ajuga","Accepted","MATCH"
"Alcea rosea","Alcea rosea","wfo-0000525183","species","L.","Malvaceae","Alcea","Accepted","MATCH"
"Alchemilla","Alchemilla","wfo-4000001119","genus","L.","Rosaceae","Alchemilla","Accepted","MATCH"
"Alchemilla acutiloba","Alchemilla vulgaris","wfo-0001007689","species","L.","Rosaceae","Alchemilla","Accepted","MATCH"
"Alchemilla monticola","Alchemilla monticola","wfo-0001015000","species","Opiz","Rosaceae","Alchemilla","Accepted","MATCH"
"Alchemilla reniformis","Alchemilla reniformis","wfo-0001018776","species","Buser","Rosaceae","Alchemilla","Accepted","MATCH"
"Alchemilla vulgaris","Alchemilla vulgaris","wfo-0001007689","species","L.","Rosaceae","Alchemilla","Accepted","MATCH"
"Alchemilla xanthochlora","Alchemilla xanthochlora","wfo-0000985078","species","Rothm.","Rosaceae","Alchemilla","Accepted","MATCH"
"Alisma lanceolatum","Alisma lanceolatum","wfo-0000755439","species","With.","Alismataceae","Alisma","Accepted","MATCH"
"Alisma plantago-aquatica","Alisma plantago-aquatica","wfo-0000755470","species","L.","Alismataceae","Alisma","Accepted","MATCH"
"Alkanna tinctoria","Alkanna tinctoria","wfo-0000525956","species","Tausch","Boraginaceae","Alkanna","Accepted","MATCH"
"Alliaria","Alliaria","wfo-4000001249","genus","Heist. ex Fabr.","Brassicaceae","Alliaria","Accepted","MATCH"
"Alliaria petiolata","Alliaria petiolata","wfo-0000526081","species","(M.Bieb.) Cavara & Grande","Brassicaceae","Alliaria","Accepted","MATCH"
"Allium","Allium","wfo-4000001260","genus","L.","Amaryllidaceae","Allium","Accepted","MATCH"
"Allium ampeloprasum","Allium ampeloprasum","wfo-0000755607","species","L.","Amaryllidaceae","Allium","Accepted","MATCH"
"Allium cepa","Allium cepa","wfo-0000755919","species","L.","Amaryllidaceae","Allium","Accepted","MATCH"
"Allium cyrilli","Allium cyrilli","wfo-0000756064","species","Ten.","Amaryllidaceae","Allium","Accepted","MATCH"
"Allium neapolitanum","Allium neapolitanum","wfo-0000756802","species","Cirillo","Amaryllidaceae","Allium","Accepted","MATCH"
"Allium nigrum","Allium nigrum","wfo-0000756825","species","L.","Amaryllidaceae","Allium","Accepted","MATCH"
"Allium oleraceum","Allium oleraceum","wfo-0000756866","species","L.","Amaryllidaceae","Allium","Accepted","MATCH"
"Allium pallens","Allium flavum","wfo-0000756255","species","L.","Amaryllidaceae","Allium","Accepted","MATCH"
"Allium paniculatum","Allium paniculatum","wfo-0000756923","species","L.","Amaryllidaceae","Allium","Accepted","MATCH"
"Allium polyanthum","Allium polyanthum","wfo-0000757033","species","Schult. & Schult.f.","Amaryllidaceae","Allium","Accepted","MATCH"
"Allium porrum","Allium ampeloprasum","wfo-0000755607","species","L.","Amaryllidaceae","Allium","Accepted","MATCH"
"Allium porrum porrum","Allium ampeloprasum","wfo-0000755607","species","L.","Amaryllidaceae","Allium","Accepted","FUZZY"
"Allium roseum","Allium roseum","wfo-0000757166","species","L.","Amaryllidaceae","Allium","Accepted","MATCH"
"Allium rotundum","Allium rotundum","wfo-0000757183","species","L.","Amaryllidaceae","Allium","Accepted","MATCH"
"Allium sativum","Allium sativum","wfo-0000757248","species","L.","Amaryllidaceae","Allium","Accepted","MATCH"
"Allium scaberrimum","Allium scaberrimum","wfo-0000757262","species","M.Serres","Amaryllidaceae","Allium","Accepted","MATCH"
"Allium scorodoprasum","Allium scorodoprasum","wfo-0000757306","species","L.","Amaryllidaceae","Allium","Accepted","MATCH"
"Allium sphaerocephalon","Allium sphaerocephalon","wfo-0000757393","species","L.","Amaryllidaceae","Allium","Accepted","MATCH"
"Allium subhirsutum","Allium subhirsutum","wfo-0000757470","species","L.","Amaryllidaceae","Allium","Accepted","MATCH"
"Allium triquetrum","Allium triquetrum","wfo-0000757618","species","L.","Amaryllidaceae","Allium","Accepted","MATCH"
"Allium ursinum","Allium ursinum","wfo-0000757676","species","L.","Amaryllidaceae","Allium","Accepted","MATCH"
"Allium vineale","Allium vineale","wfo-0000757711","species","L.","Amaryllidaceae","Allium","Accepted","MATCH"
"Alnus glutinosa","Alnus glutinosa","wfo-0000945215","species","(L.) Gaertn.","Betulaceae","Alnus","Accepted","MATCH"
"Alopecurus","Alopecurus","wfo-4000001354","genus","L.","Poaceae","Alopecurus","Accepted","MATCH"
"Alopecurus aequalis","Alopecurus aequalis","wfo-0000845386","species","Sobol.","Poaceae","Alopecurus","Accepted","MATCH"
"Alopecurus geniculatus","Alopecurus geniculatus","wfo-0000845537","species","L.","Poaceae","Alopecurus","Accepted","MATCH"
"Alopecurus myosuroides","Alopecurus myosuroides","wfo-0000845620","species","Huds.","Poaceae","Alopecurus","Accepted","MATCH"
"Alopecurus pratensis","Alopecurus pratensis","wfo-0000845656","species","L.","Poaceae","Alopecurus","Accepted","MATCH"
"Alopecurus pratensis pratensis","Alopecurus pratensis","wfo-0000845656","species","L.","Poaceae","Alopecurus","Accepted","FUZZY"
"Alopecurus rendlei","Alopecurus rendlei","wfo-0000845689","species","Eig","Poaceae","Alopecurus","Accepted","MATCH"
"Alopecurus utriculatus","Alopecurus utriculatus","wfo-0000845731","species","Banks & Sol.","Poaceae","Alopecurus","Accepted","MATCH"
"Althaea cannabina","Althaea cannabina","wfo-0000528921","species","L.","Malvaceae","Althaea","Accepted","MATCH"
"Althaea hirsuta","Malva setigera","wfo-0000449618","species","K.F.Schimp. & Spenn.","Malvaceae","Malva","Accepted","MATCH"
"Althaea officinalis","Althaea officinalis","wfo-0000529011","species","L.","Malvaceae","Althaea","Accepted","MATCH"
"Alyssum","Alyssum","wfo-4000001442","genus","L.","Brassicaceae","Alyssum","Accepted","MATCH"
"Alyssum alyssoides","Alyssum alyssoides","wfo-0000529216","species","L.","Brassicaceae","Alyssum","Accepted","MATCH"
"Alyssum granatense","Alyssum granatense","wfo-0000529502","species","Boiss. & Reut.","Brassicaceae","Alyssum","Accepted","MATCH"
"Alyssum minutum","Alyssum minutum","wfo-0000529649","species","Patrin ex DC.","Brassicaceae","Alyssum","Accepted","MATCH"
"Alyssum montanum","Alyssum montanum","wfo-0000529657","species","L.","Brassicaceae","Alyssum","Accepted","MATCH"
"Alyssum simplex","Alyssum simplex","wfo-0000529874","species","Rudolphi","Brassicaceae","Alyssum","Accepted","MATCH"
"Amaranthaceae","Amaranthaceae","wfo-7000000017","family","Juss.","Amaranthaceae","","Accepted","MATCH"
"Amaranthus","Amaranthus","wfo-4000001466","genus","L.","Amaranthaceae","Amaranthus","Accepted","MATCH"
"Amaranthus albus","Amaranthus albus","wfo-0000530018","species","L.","Amaranthaceae","Amaranthus","Accepted","MATCH"
"Amaranthus blitoides","Amaranthus blitoides","wfo-0000530076","species","S.Watson","Amaranthaceae","Amaranthus","Accepted","MATCH"
"Amaranthus blitum","Amaranthus blitum","wfo-0000530085","species","L.","Amaranthaceae","Amaranthus","Accepted","MATCH"
"Amaranthus blitum emarginatus","Amaranthus blitum","wfo-0000530085","species","L.","Amaranthaceae","Amaranthus","Accepted","FUZZY"
"Amaranthus bouchonii","Amaranthus powellii subsp. bouchonii","wfo-0000530429","subspecies","(Thell.) Costea & Carretero","Amaranthaceae","Amaranthus","Accepted","MATCH"
"Amaranthus caudatus","Amaranthus caudatus","wfo-0000530136","species","L.","Amaranthaceae","Amaranthus","Accepted","MATCH"
"Amaranthus crispus","Amaranthus crispus","wfo-0000530163","species","(Lesp. & Thévenau) A.Braun ex J.M.Coult. & S.Watson","Amaranthaceae","Amaranthus","Accepted","MATCH"
"Amaranthus deflexus","Amaranthus deflexus","wfo-0000530173","species","L.","Amaranthaceae","Amaranthus","Accepted","MATCH"
"Amaranthus graecizans","Amaranthus graecizans","wfo-0000530231","species","L.","Amaranthaceae","Amaranthus","Accepted","MATCH"
"Amaranthus hybridus","Amaranthus hybridus","wfo-0000530251","species","L.","Amaranthaceae","Amaranthus","Accepted","MATCH"
"Amaranthus hybridus hybridus","Amaranthus hybridus","wfo-0000530251","species","L.","Amaranthaceae","Amaranthus","Accepted","FUZZY"
"Amaranthus hybridus patulus","Amaranthus hybridus","wfo-0000530251","species","L.","Amaranthaceae","Amaranthus","Accepted","FUZZY"
"Amaranthus powelii","Amaranthus powellii","wfo-0000530428","species","S.Watson","Amaranthaceae","Amaranthus","Accepted","FUZZY"
"Amaranthus powellii","Amaranthus powellii","wfo-0000530428","species","S.Watson","Amaranthaceae","Amaranthus","Accepted","MATCH"
"Amaranthus retroflexus","Amaranthus retroflexus","wfo-0000530447","species","L.","Amaranthaceae","Amaranthus","Accepted","MATCH"
"Amaranthus spinosus","Amaranthus spinosus","wfo-0000530495","species","L.","Amaranthaceae","Amaranthus","Accepted","MATCH"
"Amaranthus tricolor","Amaranthus tricolor","wfo-0000530523","species","L.","Amaranthaceae","Amaranthus","Accepted","MATCH"
"Amaranthus viridis","Amaranthus viridis","wfo-0000530552","species","L.","Amaranthaceae","Amaranthus","Accepted","MATCH"
"Ambrosia artemisiifolia","Ambrosia artemisiifolia","wfo-0000063493","species","L.","Asteraceae","Ambrosia","Accepted","MATCH"
"Ambrosia psilostachya","Ambrosia psilostachya","wfo-0000137200","species","DC.","Asteraceae","Ambrosia","Accepted","MATCH"
"Ambrosia trifida","Ambrosia trifida","wfo-0000114875","species","L.","Asteraceae","Ambrosia","Accepted","MATCH"
"Ammi","Ammi","wfo-4000001610","genus","L.","Apiaceae","Ammi","Accepted","MATCH"
"Ammi majus","Ammi majus","wfo-0000531157","species","L.","Apiaceae","Ammi","Accepted","MATCH"
"Ammi majus majus","Ammi majus","wfo-0000531157","species","L.","Apiaceae","Ammi","Accepted","FUZZY"
"Ammoides pusilla","Ammoides pusilla","wfo-0000531207","species","(Brot.) Breistr.","Apiaceae","Ammoides","Accepted","MATCH"
"Anacamptis morio","Anacamptis morio","wfo-0000968477","species","(L.) R.M.Bateman, Pridgeon & M.W.Chase","Orchidaceae","Anacamptis","Accepted","MATCH"
"Anacamptis pyramidalis","Anacamptis pyramidalis","wfo-0000968551","species","(L.) Rich.","Orchidaceae","Anacamptis","Accepted","MATCH"
"Anacyclus clavatus","Anacyclus clavatus","wfo-0000123732","species","(Desf.) Pers.","Asteraceae","Anacyclus","Accepted","MATCH"
"Anacyclus radiatus","Porophyllum ruderale subsp. macrocephalum","wfo-0000069406","subspecies","(DC.) R.R.Johnson","Asteraceae","Porophyllum","Accepted","MATCH"
"Anagallis","Lysimachia","wfo-4000022565","genus","L.","Primulaceae","Lysimachia","Accepted","MATCH"
"Anagallis arvensis","Lysimachia arvensis","wfo-0000744184","species","(L.) U.Manns & Anderb.","Primulaceae","Lysimachia","Accepted","MATCH"
"Anagallis arvensis caerulea","Lysimachia loeflingii","wfo-1000030378","species","F.J.Jiménez & M.Talavera","Primulaceae","Lysimachia","Accepted","FUZZY"
"Anagallis arvensis foemina","Lysimachia arvensis","wfo-0000744184","species","(L.) U.Manns & Anderb.","Primulaceae","Lysimachia","Accepted","FUZZY"
"Anagallis foemina","Lysimachia foemina","wfo-0000744194","species","(Mill.) U.Manns & Anderb.","Primulaceae","Lysimachia","Accepted","MATCH"
"Anagyris","Anagyris","wfo-4000001828","genus","L.","Fabaceae","Anagyris","Accepted","MATCH"
"Anchusa","Anchusa","wfo-4000001905","genus","L.","Boraginaceae","Anchusa","Accepted","MATCH"
"Anchusa arvensis","Anchusa arvensis","wfo-0000533553","species","(L.) M.Bieb.","Boraginaceae","Anchusa","Accepted","MATCH"
"Anchusa azurea","Anchusa azurea","wfo-0000533562","species","Mill.","Boraginaceae","Anchusa","Accepted","MATCH"
"Anchusa hybrida","Anchusa hybrida","wfo-0000533624","species","Ten.","Boraginaceae","Anchusa","Accepted","MATCH"
"Anchusa italica","Anchusa azurea","wfo-0000533562","species","Mill.","Boraginaceae","Anchusa","Accepted","MATCH"
"Anchusa officinalis","Anchusa officinalis","wfo-0000533707","species","L.","Boraginaceae","Anchusa","Accepted","MATCH"
"Anchusa puechii","Anchusa puechii","wfo-0000533746","species","Valdés","Boraginaceae","Anchusa","Accepted","MATCH"
"Anchusa undulata hybrida","Anchusa undulata","wfo-0000533805","species","L.","Boraginaceae","Anchusa","Accepted","FUZZY"
"Andrachne telephioides","Andrachne telephioides","wfo-0000972391","species","L.","Phyllanthaceae","Andrachne","Accepted","MATCH"
"Androsace elongata","Androsace elongata","wfo-0000534540","species","L.","Primulaceae","Androsace","Accepted","MATCH"
"Androsace maxima","Androsace maxima","wfo-0000534676","species","L.","Primulaceae","Androsace","Accepted","MATCH"
"Andryala","Andryala","wfo-4000002028","genus","L.","Asteraceae","Andryala","Accepted","MATCH"
"Andryala integrifolia","Andryala integrifolia","wfo-0000045387","species","L.","Asteraceae","Andryala","Accepted","MATCH"
"Andryala laxiflora","Andryala rothia","wfo-0000078519","species","Pers.","Asteraceae","Andryala","Accepted","MATCH"
"Anemone coronaria","Anemone coronaria","wfo-0000535196","species","L.","Ranunculaceae","Anemone","Accepted","MATCH"
"Anemone hortensis","Anemone hortensis","wfo-0000535362","species","L.","Ranunculaceae","Anemone","Accepted","MATCH"
"Anemone nemorosa","Anemone altaica","wfo-0000535069","species","Fisch. ex Ledeb.","Ranunculaceae","Anemone","Accepted","MATCH"
"Anethum graveolens","Anethum graveolens","wfo-0000536042","species","L.","Apiaceae","Anethum","Accepted","MATCH"
"Angelica archangelica","Angelica archangelica","wfo-0000536100","species","L.","Apiaceae","Angelica","Accepted","MATCH"
"Angelica sylvestris","Angelica sylvestris","wfo-0000536413","species","L.","Apiaceae","Angelica","Accepted","MATCH"
"Anisantha bromus","Bromus","wfo-4000005481","genus","L.","Poaceae","Bromus","Accepted","FUZZY"
"Anisantha diandra","Bromus diandrus","wfo-0000855460","species","Roth","Poaceae","Bromus","Accepted","MATCH"
"Anisantha madritensis","Bromus madritensis","wfo-0000855936","species","L.","Poaceae","Bromus","Accepted","MATCH"
"Anisantha rigida","Bromus rigidus","wfo-0000856361","species","Roth","Poaceae","Bromus","Accepted","MATCH"
"Anisantha rubens","Bromus rubens","wfo-0000856381","species","L.","Poaceae","Bromus","Accepted","MATCH"
"Anisantha sterilis","Bromus sterilis","wfo-0000856589","species","L.","Poaceae","Bromus","Accepted","MATCH"
"Anisantha tectorum","Bromus tectorum","wfo-0000856649","species","L.","Poaceae","Bromus","Accepted","MATCH"
"Antennaria dioica","Antennaria dioica","wfo-0000035189","species","(L.) Gaertn.","Asteraceae","Antennaria","Accepted","MATCH"
"Anthemis","Anthemis","wfo-4000002393","genus","L.","Asteraceae","Anthemis","Accepted","MATCH"
"Anthemis arvensis","Anthemis arvensis","wfo-0000010729","species","L.","Asteraceae","Anthemis","Accepted","MATCH"
"Anthemis arvensis arvensis","Anthemis arvensis","wfo-0000010729","species","L.","Asteraceae","Anthemis","Accepted","FUZZY"
"Anthemis arvensis incrassata","Anthemis arvensis","wfo-0000010729","species","L.","Asteraceae","Anthemis","Accepted","FUZZY"
"Anthemis austriaca","Cota austriaca","wfo-0000043827","species","(Jacq.) Sch.Bip.","Asteraceae","Cota","Accepted","MATCH"
"Anthemis cotula","Anthemis cotula","wfo-0000032964","species","L.","Asteraceae","Anthemis","Accepted","MATCH"
"Anthemis maritima","Anthemis maritima","wfo-0000019448","species","L.","Asteraceae","Anthemis","Accepted","MATCH"
"Anthemis ruthenica","Anthemis ruthenica","wfo-0000088298","species","M.Bieb.","Asteraceae","Anthemis","Accepted","MATCH"
"Anthoxanthum","Anthoxanthum","wfo-4000002465","genus","L.","Poaceae","Anthoxanthum","Accepted","MATCH"
"Anthoxanthum aristatum","Anthoxanthum aristatum","wfo-0000848095","species","Boiss.","Poaceae","Anthoxanthum","Accepted","MATCH"
"Anthoxanthum odoratum","Anthoxanthum odoratum","wfo-0000848178","species","L.","Poaceae","Anthoxanthum","Accepted","MATCH"
"Anthriscus","Anthriscus","wfo-4000002467","genus","Pers.","Apiaceae","Anthriscus","Accepted","MATCH"
"Anthriscus caucalis","Anthriscus caucalis","wfo-0000538624","species","M.Bieb.","Apiaceae","Anthriscus","Accepted","MATCH"
"Anthriscus cerefolium","Anthriscus cerefolium","wfo-0000538627","species","Hoffm.","Apiaceae","Anthriscus","Accepted","MATCH"
"Anthriscus sylvestris","Anthriscus sylvestris","wfo-0000538692","species","(L.) Hoffm.","Apiaceae","Anthriscus","Accepted","MATCH"
"Anthriscus sylvestris sylvestris","Anthriscus sylvestris","wfo-0000538692","species","(L.) Hoffm.","Apiaceae","Anthriscus","Accepted","FUZZY"
"Anthyllis vulneraria","Anthyllis vulneraria","wfo-0000212115","species","L.","Fabaceae","Anthyllis","Accepted","MATCH"
"Anthyllis vulneraria vulneraria","Anthyllis vulneraria","wfo-0000212115","species","L.","Fabaceae","Anthyllis","Accepted","FUZZY"
"Antirrhinum majus","Antirrhinum majus","wfo-0000539365","species","L.","Plantaginaceae","Antirrhinum","Accepted","MATCH"
"Apera interrupta","Apera interrupta","wfo-0000848265","species","(L.) P.Beauv.","Poaceae","Apera","Accepted","MATCH"
"Apera spica-venti","Apera spica-venti","wfo-0000848273","species","(L.) P.Beauv.","Poaceae","Apera","Accepted","MATCH"
"Apera spica-venti spica-venti","Apera spica-venti","wfo-0000848273","species","(L.) P.Beauv.","Poaceae","Apera","Accepted","FUZZY"
"Aphanes arvensis","Alchemilla arvensis","wfo-0001016026","species","(L.) Scop.","Rosaceae","Alchemilla","Accepted","MATCH"
"Aphanes australis","Alchemilla australis","wfo-0001429268","species","(Rydb.) Bomble","Rosaceae","Alchemilla","Accepted","MATCH"
"Aphyllanthes","Aphyllanthes","wfo-4000002646","genus","L.","Asparagaceae","Aphyllanthes","Accepted","MATCH"
"Aphyllanthes monspeliensis","Aphyllanthes monspeliensis","wfo-0000760848","species","L.","Asparagaceae","Aphyllanthes","Accepted","MATCH"
"Apiaceae","Apiaceae","wfo-7000000036","family","Lindl.","Apiaceae","","Accepted","MATCH"
"Apium","Apium","wfo-4000002668","genus","L.","Apiaceae","Apium","Accepted","MATCH"
"Apium graveolens","Apium graveolens","wfo-0000540626","species","L.","Apiaceae","Apium","Accepted","MATCH"
"Apium nodiflorum","Helosciadium nodiflorum","wfo-0000719285","species","(L.) W.D.J.Koch","Apiaceae","Helosciadium","Accepted","MATCH"
"Aquilegia","Aquilegia","wfo-4000002807","genus","L.","Ranunculaceae","Aquilegia","Accepted","MATCH"
"Aquilegia vulgaris","Aquilegia vulgaris","wfo-0000541607","species","L.","Ranunculaceae","Aquilegia","Accepted","MATCH"
"Arabidopsis","Arabidopsis","wfo-4000002812","genus","Heynh.","Brassicaceae","Arabidopsis","Accepted","MATCH"
"Arabidopsis arenosa","Arabidopsis arenosa","wfo-0000541763","species","(L.) Lawalrée","Brassicaceae","Arabidopsis","Accepted","MATCH"
"Arabidopsis arenosa arenosa","Arabidopsis arenosa","wfo-0000541763","species","(L.) Lawalrée","Brassicaceae","Arabidopsis","Accepted","FUZZY"
"Arabidopsis halleri","Arabidopsis halleri","wfo-0000541780","species","(L.) O'Kane & Al-Shehbaz","Brassicaceae","Arabidopsis","Accepted","MATCH"
"Arabidopsis thaliana","Arabidopsis thaliana","wfo-0000541830","species","(L.) Heynh.","Brassicaceae","Arabidopsis","Accepted","MATCH"
"Arabis","Arabis","wfo-4000002813","genus","L.","Brassicaceae","Arabis","Accepted","MATCH"
"Arabis hirsuta","Arabis hirsuta","wfo-0000542279","species","(L.) Scop.","Brassicaceae","Arabis","Accepted","MATCH"
"Arabis sagittata","Arabis sagittata","wfo-0000542785","species","(Bertol.) DC.","Brassicaceae","Arabis","Accepted","MATCH"
"Arctium","Arctium","wfo-4000002920","genus","L.","Asteraceae","Arctium","Accepted","MATCH"
"Arctium lappa","Arctium lappa","wfo-0000095986","species","L.","Asteraceae","Arctium","Accepted","MATCH"
"Arctium minus","Arctium minus","wfo-0000080260","species","(Hill) Bernh.","Asteraceae","Arctium","Accepted","MATCH"
"Arctium tomentosum","Arctium tomentosum","wfo-0000130944","species","Mill.","Asteraceae","Arctium","Accepted","MATCH"
"Arenaria","Arenaria","wfo-4000002959","genus","L.","Caryophyllaceae","Arenaria","Accepted","MATCH"
"Arenaria hispanica","Arenaria hispanica","wfo-0000546013","species","Spreng.","Caryophyllaceae","Arenaria","Accepted","MATCH"
"Arenaria leptoclados","Arenaria serpyllifolia subsp. leptoclados","wfo-0000546658","subspecies","(Rchb.) Nyman","Caryophyllaceae","Arenaria","Accepted","MATCH"
"Arenaria serpyllifolia","Arenaria serpyllifolia","wfo-0000546651","species","L.","Caryophyllaceae","Arenaria","Accepted","MATCH"
"Arenaria serpyllifolia serpyllifolia","Arenaria serpyllifolia","wfo-0000546651","species","L.","Caryophyllaceae","Arenaria","Accepted","FUZZY"
"Argentina anserina","Argentina anserina","wfo-0001009478","species","(L.) Rydb.","Rosaceae","Argentina","Accepted","MATCH"
"Argentina anserina anserina","Argentina anserina","wfo-0001009478","species","(L.) Rydb.","Rosaceae","Argentina","Accepted","FUZZY"
"Aria edulis","Aria edulis","wfo-0000990619","species","(Willd.) M.Roem.","Rosaceae","Aria","Accepted","MATCH"
"Arisarum simorrhinum","Arisarum simorrhinum","wfo-0000275622","species","Durieu","Araceae","Arisarum","Accepted","MATCH"
"Arisarum vulgare","Arisarum vulgare","wfo-0000275694","species","O.Targ.Tozz.","Araceae","Arisarum","Accepted","MATCH"
"Aristolochia clematitis","Aristolochia clematitis","wfo-0000547670","species","L.","Aristolochiaceae","Aristolochia","Accepted","MATCH"
"Armoracia rusticana","Armoracia rusticana","wfo-0000549445","species","G.Gaertn., B.Mey. & Scherb.","Brassicaceae","Armoracia","Accepted","MATCH"
"Arnoseris minima","Arnoseris minima","wfo-0000028808","species","(L.) Schweigg. & Körte","Asteraceae","Arnoseris","Accepted","MATCH"
"Arrhenatherum","Arrhenatherum","wfo-4000003121","genus","P.Beauv.","Poaceae","Arrhenatherum","Accepted","MATCH"
"Arrhenatherum elatius","Arrhenatherum elatius","wfo-0000849608","species","(L.) P.Beauv. ex J.Presl & C.Presl","Poaceae","Arrhenatherum","Accepted","MATCH"
"Arrhenatherum elatius bulbosum","Arrhenatherum elatius subsp. bulbosum","wfo-0000849622","subspecies","(Willd.) Schübl. & G.Martens","Poaceae","Arrhenatherum","Accepted","FUZZY"
"Arrhenatherum elatius elatius","Arrhenatherum elatius","wfo-0000849608","species","(L.) P.Beauv. ex J.Presl & C.Presl","Poaceae","Arrhenatherum","Accepted","FUZZY"
"Artemisia","Artemisia","wfo-4000003144","genus","L.","Asteraceae","Artemisia","Accepted","MATCH"
"Artemisia abrotanum","Artemisia abrotanum","wfo-0000024341","species","L.","Asteraceae","Artemisia","Accepted","MATCH"
"Artemisia absinthium","Artemisia absinthium","wfo-0000134589","species","L.","Asteraceae","Artemisia","Accepted","MATCH"
"Artemisia annua","Artemisia annua","wfo-0000083255","species","L.","Asteraceae","Artemisia","Accepted","MATCH"
"Artemisia herba-alba","Artemisia herba-alba","wfo-0000066428","species","Asso","Asteraceae","Artemisia","Accepted","MATCH"
"Artemisia verlotiorum","Artemisia verlotiorum","wfo-0000017371","species","Lamotte","Asteraceae","Artemisia","Accepted","MATCH"
"Artemisia vulgaris","Artemisia vulgaris","wfo-0000115588","species","L.","Asteraceae","Artemisia","Accepted","MATCH"
"Arthonia arthonioides","Tolpis lagopoda","wfo-0000085910","species","C.Sm. ex Link","Asteraceae","Tolpis","Accepted","FUZZY"
"Arum","Arum","wfo-4000003198","genus","L.","Araceae","Arum","Accepted","MATCH"
"Arum italicum","Arum italicum","wfo-0000279414","species","Mill.","Araceae","Arum","Accepted","MATCH"
"Arum maculatum","Arum maculatum","wfo-0000279961","species","L.","Araceae","Arum","Accepted","MATCH"
"Arundo","Arundo","wfo-4000003205","genus","L.","Poaceae","Arundo","Accepted","MATCH"
"Arundo donax","Arundo donax","wfo-0000850932","species","L.","Poaceae","Arundo","Accepted","MATCH"
"Arundo plinii","Arundo plinii","wfo-0000851049","species","Turra","Poaceae","Arundo","Accepted","MATCH"
"Asclepias syriaca","Asclepias syriaca","wfo-0000551803","species","L.","Apocynaceae","Asclepias","Accepted","MATCH"
"Asparagaceae","Asparagaceae","wfo-7000000050","family","Juss.","Asparagaceae","","Accepted","MATCH"
"Asparagus","Asparagus","wfo-4000003280","genus","L.","Asparagaceae","Asparagus","Accepted","MATCH"
"Asparagus acutifolius","Asparagus acutifolius","wfo-0000631143","species","L.","Asparagaceae","Asparagus","Accepted","MATCH"
"Asparagus officinalis","Asparagus officinalis","wfo-0000634022","species","L.","Asparagaceae","Asparagus","Accepted","MATCH"
"Asparagus officinalis officinalis","Asparagus officinalis","wfo-0000634022","species","L.","Asparagaceae","Asparagus","Accepted","FUZZY"
"Asparagus tenuifolius","Asparagus tenuifolius","wfo-0000635153","species","Lam.","Asparagaceae","Asparagus","Accepted","MATCH"
"Asperugo procumbens","Asperugo procumbens","wfo-0000552204","species","L.","Boraginaceae","Asperugo","Accepted","MATCH"
"Asperula","Asperula","wfo-4000003292","genus","L.","Rubiaceae","Asperula","Accepted","MATCH"
"Asperula aristata","Cynanchica aristata","wfo-1000021947","species","(L.f.) P.Caputo & Del Guacchio","Rubiaceae","Cynanchica","Accepted","MATCH"
"Asperula arvensis","Asperula arvensis","wfo-0000284756","species","L.","Rubiaceae","Asperula","Accepted","MATCH"
"Asperula cynanchica","Cynanchica pyrenaica subsp. cynanchica","wfo-1200007489","subspecies","(L.) P.Caputo & Del Guacchio","Rubiaceae","Cynanchica","Accepted","MATCH"
"Asphodelus","Asphodelus","wfo-4000003300","genus","L.","Asphodelaceae","Asphodelus","Accepted","MATCH"
"Asphodelus ramosus","Asphodelus ramosus","wfo-0000637103","species","L.","Asphodelaceae","Asphodelus","Accepted","MATCH"
"Aster","Aster","wfo-4000003381","genus","L.","Asteraceae","Aster","Accepted","MATCH"
"Aster squamatus","Aster squamatus","wfo-0000050191","species","(Spreng.) Hieron.","Asteraceae","Aster","Accepted","MATCH"
"Asteraceae","Asteraceae","wfo-7000000146","family","Bercht. & J.Presl","Asteraceae","","Accepted","MATCH"
"Astragalus","Astragalus","wfo-4000003460","genus","L.","Fabaceae","Astragalus","Accepted","MATCH"
"Astragalus alopecurus","Astragalus alopecurus","wfo-0000213525","species","Pall.","Fabaceae","Astragalus","Accepted","MATCH"
"Astragalus boeticus","Astragalus boeticus","wfo-0000212467","species","L.","Fabaceae","Astragalus","Accepted","MATCH"
"Astragalus cicer","Astragalus cicer","wfo-0000213547","species","L.","Fabaceae","Astragalus","Accepted","MATCH"
"Astragalus glycyphyllos","Astragalus glycyphyllos","wfo-0000213564","species","L.","Fabaceae","Astragalus","Accepted","MATCH"
"Astragalus hamosus","Astragalus hamosus","wfo-0001054280","species","L.","Fabaceae","Astragalus","Accepted","MATCH"
"Astragalus pelecinus","Biserrula pelecinus","wfo-0000212547","species","L.","Fabaceae","Biserrula","Accepted","MATCH"
"Astragalus sesameus","Astragalus sesameus","wfo-0000212562","species","L.","Fabaceae","Astragalus","Accepted","MATCH"
"Atocion armeria","Atocion armeria","wfo-0000555618","species","(L.) Raf.","Caryophyllaceae","Atocion","Accepted","MATCH"
"Atriplex","Atriplex","wfo-4000003611","genus","L.","Chenopodiaceae","Atriplex","Accepted","MATCH"
"Atriplex glabriuscula","Atriplex glabriuscula","wfo-0000556064","species","Edmondston","Chenopodiaceae","Atriplex","Accepted","MATCH"
"Atriplex halimus","Atriplex halimus","wfo-0000556105","species","L.","Chenopodiaceae","Atriplex","Accepted","MATCH"
"Atriplex hastata","Atriplex prostrata subsp. calotheca","wfo-0000556494","subspecies","(Rafn) M.A.Gust.","Chenopodiaceae","Atriplex","Accepted","MATCH"
"Atriplex hortensis","Atriplex hortensis","wfo-0000556137","species","L.","Chenopodiaceae","Atriplex","Accepted","MATCH"
"Atriplex littoralis","Atriplex littoralis","wfo-0000556238","species","L.","Chenopodiaceae","Atriplex","Accepted","MATCH"
"Atriplex oblongifolia","Atriplex oblongifolia","wfo-0000556362","species","Waldst. & Kit.","Chenopodiaceae","Atriplex","Accepted","MATCH"
"Atriplex patula","Atriplex patula","wfo-0000556421","species","L.","Chenopodiaceae","Atriplex","Accepted","MATCH"
"Atriplex prostrata","Atriplex prostrata","wfo-0000556490","species","Boucher ex DC.","Chenopodiaceae","Atriplex","Accepted","MATCH"
"Atriplex prostrata calotheca","Atriplex prostrata","wfo-0000556490","species","Boucher ex DC.","Chenopodiaceae","Atriplex","Accepted","FUZZY"
"Atriplex sagittata","Atriplex sagittata","wfo-0000556566","species","Borkh.","Chenopodiaceae","Atriplex","Accepted","MATCH"
"Atriplex tatarica","Atriplex tatarica","wfo-0000556655","species","L.","Chenopodiaceae","Atriplex","Accepted","MATCH"
"Avena","Avena","wfo-4000003762","genus","L.","Poaceae","Avena","Accepted","MATCH"
"Avena barbata","Avena barbata","wfo-0000851697","species","Pott ex Link","Poaceae","Avena","Accepted","MATCH"
"Avena barbata barbata","Avena barbata","wfo-0000851697","species","Pott ex Link","Poaceae","Avena","Accepted","FUZZY"
"Avena fatua","Avena fatua","wfo-0000851838","species","L.","Poaceae","Avena","Accepted","MATCH"
"Avena fatua fatua","Avena fatua","wfo-0000851838","species","L.","Poaceae","Avena","Accepted","FUZZY"
"Avena sativa","Avena sativa","wfo-0000852231","species","L.","Poaceae","Avena","Accepted","MATCH"
"Avena sativa sativa","Avena sativa","wfo-0000852231","species","L.","Poaceae","Avena","Accepted","FUZZY"
"Avena sterilis","Avena sterilis","wfo-0000852332","species","L.","Poaceae","Avena","Accepted","MATCH"
"Avena sterilis ludoviciana","Avena sterilis","wfo-0000852332","species","L.","Poaceae","Avena","Accepted","FUZZY"
"Avena strigosa","Avena strigosa","wfo-0000852368","species","Schreb.","Poaceae","Avena","Accepted","MATCH"
"Avenella flexuosa","Avenella flexuosa","wfo-0000852552","species","(L.) Drejer","Poaceae","Avenella","Accepted","MATCH"
"Avenula bromoides","Helictochloa bromoides","wfo-0000921706","species","(Gouan) Romero Zarco","Poaceae","Helictochloa","Accepted","MATCH"
"Avenula pratensis","Helictochloa pratensis","wfo-0000922776","species","(L.) Romero Zarco","Poaceae","Helictochloa","Accepted","MATCH"
"Avenula pubescens","Avenula pubescens","wfo-0000852708","species","(Huds.) Dumort.","Poaceae","Avenula","Accepted","MATCH"
"Ballota nigra","Ballota nigra","wfo-0000315321","species","L.","Lamiaceae","Ballota","Accepted","MATCH"
"Barbarea","Barbarea","wfo-4000004049","genus","W.T.Aiton","Brassicaceae","Barbarea","Accepted","MATCH"
"Barbarea intermedia","Barbarea intermedia","wfo-0000559999","species","Boreau","Brassicaceae","Barbarea","Accepted","MATCH"
"Barbarea stricta","Barbarea stricta","wfo-0000560052","species","Andrz.","Brassicaceae","Barbarea","Accepted","MATCH"
"Barbarea verna","Barbarea verna","wfo-0000560062","species","(Mill.) Asch.","Brassicaceae","Barbarea","Accepted","MATCH"
"Barbarea vulgaris","Barbarea vulgaris","wfo-0000560064","species","W.T.Aiton","Brassicaceae","Barbarea","Accepted","MATCH"
"Bartsia trixago","Bellardia trixago","wfo-0000562280","species","(L.) All.","Orobanchaceae","Bellardia","Accepted","MATCH"
"Bassia","Bassia","wfo-4000004190","genus","All.","Chenopodiaceae","Bassia","Accepted","MATCH"
"Bassia scoparia","Bassia scoparia","wfo-0000561206","species","(L.) A.J.Scott","Chenopodiaceae","Bassia","Accepted","MATCH"
"Bassia scoparia densiflora","Bassia scoparia","wfo-0000561206","species","(L.) A.J.Scott","Chenopodiaceae","Bassia","Accepted","FUZZY"
"Bellardia trixago","Bellardia trixago","wfo-0000562280","species","(L.) All.","Orobanchaceae","Bellardia","Accepted","MATCH"
"Bellevalia trifoliata","Bellevalia trifoliata","wfo-0000761530","species","(Ten.) Kunth","Asparagaceae","Bellevalia","Accepted","MATCH"
"Bellis","Bellis","wfo-4000004367","genus","L.","Asteraceae","Bellis","Accepted","MATCH"
"Bellis annua","Bellis annua","wfo-0000007130","species","L.","Asteraceae","Bellis","Accepted","MATCH"
"Bellis pappulosa","Bellis pappulosa","wfo-0000086076","species","Boiss. ex DC.","Asteraceae","Bellis","Accepted","MATCH"
"Bellis perennis","Bellis perennis","wfo-0000072578","species","L.","Asteraceae","Bellis","Accepted","MATCH"
"Bellis perennis perennis","Bellis perennis","wfo-0000072578","species","L.","Asteraceae","Bellis","Accepted","FUZZY"
"Bellis sylvestris","Bellis sylvestris","wfo-0000017298","species","Cirillo","Asteraceae","Bellis","Accepted","MATCH"
"Berberis vulgaris","Berberis vulgaris","wfo-0000564027","species","L.","Berberidaceae","Berberis","Accepted","MATCH"
"Berteroa incana","Berteroa incana","wfo-0000564515","species","(L.) DC.","Brassicaceae","Berteroa","Accepted","MATCH"
"Berula erecta","Berula erecta","wfo-0000564539","species","(Huds.) Coville","Apiaceae","Berula","Accepted","MATCH"
"Beta","Beta","wfo-4000004539","genus","L.","Chenopodiaceae","Beta","Accepted","MATCH"
"Beta maritima","Beta vulgaris","wfo-0000564998","species","L.","Chenopodiaceae","Beta","Accepted","MATCH"
"Beta vulgaris","Beta vulgaris","wfo-0000564998","species","L.","Chenopodiaceae","Beta","Accepted","MATCH"
"Beta vulgaris maritima","Beta vulgaris","wfo-0000564998","species","L.","Chenopodiaceae","Beta","Accepted","FUZZY"
"Beta vulgaris vulgaris","Beta vulgaris","wfo-0000564998","species","L.","Chenopodiaceae","Beta","Accepted","FUZZY"
"Betonica alopecuros","Betonica alopecuros","wfo-0000329123","species","L.","Lamiaceae","Betonica","Accepted","MATCH"
"Betula","Betula","wfo-4000004547","genus","L.","Betulaceae","Betula","Accepted","MATCH"
"Betula pendula","Betula pendula","wfo-0000335449","species","Roth","Betulaceae","Betula","Accepted","MATCH"
"Betula pubescens","Betula pubescens","wfo-0000335985","species","Ehrh.","Betulaceae","Betula","Accepted","MATCH"
"Bidens","Bidens","wfo-4000004584","genus","L.","Asteraceae","Bidens","Accepted","MATCH"
"Bidens bipinnata","Bidens bipinnata","wfo-0000028784","species","L.","Asteraceae","Bidens","Accepted","MATCH"
"Bidens bipinnatus","Bidens bipinnata","wfo-0000028784","species","L.","Asteraceae","Bidens","Accepted","FUZZY"
"Bidens frondosa","Bidens frondosa","wfo-0000076245","species","L.","Asteraceae","Bidens","Accepted","MATCH"
"Bidens subalternans","Bidens subalternans","wfo-0000073456","species","DC.","Asteraceae","Bidens","Accepted","MATCH"
"Bidens tripartita","Bidens tripartita","wfo-0000068428","species","L.","Asteraceae","Bidens","Accepted","MATCH"
"Bidens tripartitus","Bidens tripartita","wfo-0000068428","species","L.","Asteraceae","Bidens","Accepted","FUZZY"
"Bifora radians","Bifora radians","wfo-0000565255","species","M.Bieb.","Apiaceae","Bifora","Accepted","MATCH"
"Bifora testiculata","Bifora testiculata","wfo-0000565256","species","Roth","Apiaceae","Bifora","Accepted","MATCH"
"Biscutella auriculata","Biscutella auriculata","wfo-0000565636","species","L.","Brassicaceae","Biscutella","Accepted","MATCH"
"Bistorta officinalis","Persicaria bistorta","wfo-0000488076","species","(L.) Samp.","Polygonaceae","Persicaria","Accepted","MATCH"
"Bituminaria bituminosa","Bituminaria bituminosa","wfo-0000212280","species","(L.) C.H.Stirt.","Fabaceae","Bituminaria","Accepted","MATCH"
"Blackstonia perfoliata","Blackstonia perfoliata","wfo-0000566247","species","(L.) Huds.","Gentianaceae","Blackstonia","Accepted","MATCH"
"Blackstonia perfoliata perfoliata","Blackstonia perfoliata","wfo-0000566247","species","(L.) Huds.","Gentianaceae","Blackstonia","Accepted","FUZZY"
"Bolboschoenus maritimus","Bolboschoenus maritimus","wfo-0000341695","species","(L.) Palla","Cyperaceae","Bolboschoenus","Accepted","MATCH"
"Bombycilaena erecta","Bombycilaena erecta","wfo-0000025894","species","(L.) Smoljan.","Asteraceae","Bombycilaena","Accepted","MATCH"
"Boraginaceae","Boraginaceae","wfo-7000000079","family","Juss.","Boraginaceae","","Accepted","MATCH"
"Borago officinalis","Borago officinalis","wfo-0000568964","species","L.","Boraginaceae","Borago","Accepted","MATCH"
"Bothriochloa barbinodis","Bothriochloa barbinodis","wfo-0000853754","species","(Lag.) Herter","Poaceae","Bothriochloa","Accepted","MATCH"
"Bothriochloa ischaemum","Bothriochloa ischaemum","wfo-0000853799","species","(L.) Keng","Poaceae","Bothriochloa","Accepted","MATCH"
"Brachiaria eruciformis","Moorochloa eruciformis","wfo-0000880563","species","(Sm.) Veldkamp","Poaceae","Moorochloa","Accepted","MATCH"
"Brachypodium","Brachypodium","wfo-4000005237","genus","P.Beauv.","Poaceae","Brachypodium","Accepted","MATCH"
"Brachypodium distachyon","Brachypodium distachyon","wfo-0000854379","species","(L.) P.Beauv.","Poaceae","Brachypodium","Accepted","MATCH"
"Brachypodium phoenicoides","Brachypodium phoenicoides","wfo-0000854498","species","(L.) Roem. & Schult.","Poaceae","Brachypodium","Accepted","MATCH"
"Brachypodium pinnatum","Brachypodium pinnatum","wfo-0000854513","species","(L.) P.Beauv.","Poaceae","Brachypodium","Accepted","MATCH"
"Brachypodium retusum","Brachypodium retusum","wfo-0000854576","species","(Pers.) P.Beauv.","Poaceae","Brachypodium","Accepted","MATCH"
"Brachypodium rupestre","Brachypodium pinnatum","wfo-0000854513","species","(L.) P.Beauv.","Poaceae","Brachypodium","Accepted","MATCH"
"Brachypodium sylvaticum","Brachypodium sylvaticum","wfo-0000854603","species","(Huds.) P.Beauv.","Poaceae","Brachypodium","Accepted","MATCH"
"Brachythecium rutabulum","Brachythecium rutabulum","wfo-0001155382","species","(Hedw.) Schimp.","Brachytheciaceae","Brachythecium","Accepted","MATCH"
"Brassica","Brassica","wfo-4000005345","genus","L.","Brassicaceae","Brassica","Accepted","MATCH"
"Brassica barrelieri","Brassica barrelieri","wfo-0000570904","species","(L.) Janka","Brassicaceae","Brassica","Accepted","MATCH"
"Brassica carinata","Mutarda carinata","wfo-1000044270","species","(A.Braun) D.A.German","Brassicaceae","Mutarda","Accepted","MATCH"
"Brassica juncea","Brassica juncea","wfo-0000571186","species","(L.) Czern.","Brassicaceae","Brassica","Accepted","MATCH"
"Brassica napus","Brassica napus","wfo-0000571271","species","L.","Brassicaceae","Brassica","Accepted","MATCH"
"Brassica napus napus","Brassica napus","wfo-0000571271","species","L.","Brassicaceae","Brassica","Accepted","FUZZY"
"Brassica napus oleifera","Brassica napus","wfo-0000571271","species","L.","Brassicaceae","Brassica","Accepted","FUZZY"
"Brassica nigra","Mutarda nigra","wfo-0000369052","species","Bernh.","Brassicaceae","Mutarda","Accepted","MATCH"
"Brassica oleracea","Brassica oleracea","wfo-0000571350","species","L.","Brassicaceae","Brassica","Accepted","MATCH"
"Brassica rapa","Brassica rapa","wfo-0000571544","species","L.","Brassicaceae","Brassica","Accepted","MATCH"
"Brassica tournefortii","Brassica tournefortii","wfo-0000571745","species","Gouan","Brassicaceae","Brassica","Accepted","MATCH"
"Brassicaceae","Brassicaceae","wfo-7000000082","family","Burnett","Brassicaceae","","Accepted","MATCH"
"Brassicaeae","Brassiceae","wfo-4100004711","tribe","DC.","Brassicaceae","","Accepted","FUZZY"
"Briza","Briza","wfo-4000005456","genus","L.","Poaceae","Briza","Accepted","MATCH"
"Briza maxima","Briza maxima","wfo-0000854743","species","L.","Poaceae","Briza","Accepted","MATCH"
"Briza media","Briza media","wfo-0000854755","species","L.","Poaceae","Briza","Accepted","MATCH"
"Briza minor","Briza minor","wfo-0000854792","species","L.","Poaceae","Briza","Accepted","MATCH"
"Bromeliaceae","Bromeliaceae","wfo-7000000084","family","Juss.","Bromeliaceae","","Accepted","MATCH"
"Bromopsis erecta","Bromus erectus","wfo-0000855493","species","Huds.","Poaceae","Bromus","Accepted","MATCH"
"Bromopsis inermis","Bromus inermis","wfo-0000855743","species","Leyss.","Poaceae","Bromus","Accepted","MATCH"
"Bromopsis ramosa","Bromus ramosus","wfo-0000856327","species","Huds.","Poaceae","Bromus","Accepted","MATCH"
"Bromus","Bromus","wfo-4000005481","genus","L.","Poaceae","Bromus","Accepted","MATCH"
"Bromus arvensis","Bromus arvensis","wfo-0000855198","species","L.","Poaceae","Bromus","Accepted","MATCH"
"Bromus arvensis arvensis","Bromus arvensis","wfo-0000855198","species","L.","Poaceae","Bromus","Accepted","FUZZY"
"Bromus benekenii","Bromus benekenii","wfo-0000855261","species","(Lange) Trimen","Poaceae","Bromus","Accepted","MATCH"
"Bromus catharticus","Bromus catharticus","wfo-0000855346","species","Vahl","Poaceae","Bromus","Accepted","MATCH"
"Bromus commutatus","Bromus commutatus","wfo-0000855398","species","Schrad.","Poaceae","Bromus","Accepted","MATCH"
"Bromus commutatus decipiens","Bromus commutatus","wfo-0000855398","species","Schrad.","Poaceae","Bromus","Accepted","FUZZY"
"Bromus diandrus","Bromus diandrus","wfo-0000855460","species","Roth","Poaceae","Bromus","Accepted","MATCH"
"Bromus diandrus diandrus","Bromus diandrus","wfo-0000855460","species","Roth","Poaceae","Bromus","Accepted","FUZZY"
"Bromus erectus","Bromus erectus","wfo-0000855493","species","Huds.","Poaceae","Bromus","Accepted","MATCH"
"Bromus fasciculatus","Bromus fasciculatus","wfo-0000855579","species","C.Presl","Poaceae","Bromus","Accepted","MATCH"
"Bromus grossus","Bromus grossus","wfo-0000855645","species","Desf. ex DC.","Poaceae","Bromus","Accepted","MATCH"
"Bromus hordeaceus","Bromus hordeaceus","wfo-0000855692","species","L.","Poaceae","Bromus","Accepted","MATCH"
"Bromus hordeaceus hordeaceus","Bromus hordeaceus","wfo-0000855692","species","L.","Poaceae","Bromus","Accepted","FUZZY"
"Bromus hordeaceus lepidus","Bromus hordeaceus","wfo-0000855692","species","L.","Poaceae","Bromus","Accepted","FUZZY"
"Bromus hordeaceus thominei","Bromus hordeaceus","wfo-0000855692","species","L.","Poaceae","Bromus","Accepted","FUZZY"
"Bromus inermis","Bromus inermis","wfo-0000855743","species","Leyss.","Poaceae","Bromus","Accepted","MATCH"
"Bromus japonicus","Bromus japonicus","wfo-0001271396","species","Houtt.","Poaceae","Bromus","Accepted","MATCH"
"Bromus lanceolatus","Bromus lanceolatus","wfo-0000855870","species","Roth","Poaceae","Bromus","Accepted","MATCH"
"Bromus madritensis","Bromus madritensis","wfo-0000855936","species","L.","Poaceae","Bromus","Accepted","MATCH"
"Bromus racemosus","Bromus racemosus","wfo-0000856306","species","L.","Poaceae","Bromus","Accepted","MATCH"
"Bromus ramosus","Bromus ramosus","wfo-0000856327","species","Huds.","Poaceae","Bromus","Accepted","MATCH"
"Bromus rigidus","Bromus rigidus","wfo-0000856361","species","Roth","Poaceae","Bromus","Accepted","MATCH"
"Bromus rubens","Bromus rubens","wfo-0000856381","species","L.","Poaceae","Bromus","Accepted","MATCH"
"Bromus secalinus","Bromus secalinus","wfo-0000856443","species","L.","Poaceae","Bromus","Accepted","MATCH"
"Bromus squarossus","Bromus squarrosus","wfo-0000856539","species","L.","Poaceae","Bromus","Accepted","FUZZY"
"Bromus squarrosus","Bromus squarrosus","wfo-0000856539","species","L.","Poaceae","Bromus","Accepted","MATCH"
"Bromus sterilis","Bromus sterilis","wfo-0000856589","species","L.","Poaceae","Bromus","Accepted","MATCH"
"Bromus tectorum","Bromus tectorum","wfo-0000856649","species","L.","Poaceae","Bromus","Accepted","MATCH"
"Bryonia","Bryonia","wfo-4000005591","genus","L.","Cucurbitaceae","Bryonia","Accepted","MATCH"
"Bryonia alba","Bryonia alba","wfo-0000572927","species","L.","Cucurbitaceae","Bryonia","Accepted","MATCH"
"Bryonia cretica","Bryonia cretica","wfo-0000572960","species","L.","Cucurbitaceae","Bryonia","Accepted","MATCH"
"Bryonia cretica dioica","Bryonia cretica","wfo-0000572960","species","L.","Cucurbitaceae","Bryonia","Accepted","FUZZY"
"Bryonia dioica","Bryonia alba","wfo-0000572927","species","L.","Cucurbitaceae","Bryonia","Accepted","MATCH"
"Bryonia dioica dioica","Bryonia alba","wfo-0000572927","species","L.","Cucurbitaceae","Bryonia","Accepted","FUZZY"
"Bryum dichotomum","Gemmabryum dichotomum","wfo-0001213822","species","(Hedw.) J.R.Spence & H.P.Ramsay","Bryaceae","Gemmabryum","Accepted","MATCH"
"Buglossoides","Buglossoides","wfo-4000005707","genus","Moench","Boraginaceae","Buglossoides","Accepted","MATCH"
"Buglossoides arvensis","Buglossoides arvensis","wfo-0000574420","species","(L.) I.M.Johnst.","Boraginaceae","Buglossoides","Accepted","MATCH"
"Buglossoides purpurocaerulea","Aegonychon purpurocaeruleum","wfo-0000521556","species","(L.) Holub","Boraginaceae","Aegonychon","Accepted","MATCH"
"Bunias erucago","Bunias erucago","wfo-0000574733","species","L.","Brassicaceae","Bunias","Accepted","MATCH"
"Bunias orientalis","Bunias orientalis","wfo-0000574739","species","L.","Brassicaceae","Bunias","Accepted","MATCH"
"Bunium","Bunium","wfo-4000005756","genus","L.","Apiaceae","Bunium","Accepted","MATCH"
"Bunium bulbocastanum","Bunium bulbocastanum","wfo-0000574803","species","L.","Apiaceae","Bunium","Accepted","MATCH"
"Bunium pachypodum","Bunium pachypodum","wfo-0000574934","species","P.W.Ball","Apiaceae","Bunium","Accepted","MATCH"
"Buniun bulbocastanum","Bunium bulbocastanum","wfo-0000574803","species","L.","Apiaceae","Bunium","Accepted","FUZZY"
"Buphthalmum salicifolium","Buphthalmum salicifolium","wfo-0000082220","species","L.","Asteraceae","Buphthalmum","Accepted","MATCH"
"Bupleurum rotundifolium","Bupleurum rotundifolium","wfo-0000575774","species","L.","Apiaceae","Bupleurum","Accepted","MATCH"
"Bupleurum subovatum","Bupleurum subovatum","wfo-0000575854","species","Link ex Spreng.","Apiaceae","Bupleurum","Accepted","MATCH"
"Bupleurum tenuissimum","Bupleurum tenuissimum","wfo-0000575882","species","L.","Apiaceae","Bupleurum","Accepted","MATCH"
"Cakile maritima","Cakile maritima","wfo-0000578725","species","Scop.","Brassicaceae","Cakile","Accepted","MATCH"
"Calamagrostis","Calamagrostis","wfo-4000005939","genus","Adans.","Poaceae","Calamagrostis","Accepted","MATCH"
"Calamagrostis canescens","Calamagrostis canescens","wfo-0000857129","species","(Weber) Roth","Poaceae","Calamagrostis","Accepted","MATCH"
"Calamagrostis epigejos","Calamagrostis epigejos","wfo-0000857259","species","(L.) Roth","Poaceae","Calamagrostis","Accepted","MATCH"
"Calamintha sylvatica","Clinopodium menthifolium subsp. menthifolium","wfo-0000892413","subspecies","","Lamiaceae","Clinopodium","Accepted","MATCH"
"Calendula","Calendula","wfo-4000006008","genus","L.","Asteraceae","Calendula","Accepted","MATCH"
"Calendula arvensis","Calendula arvensis","wfo-0000016971","species","M.Bieb.","Asteraceae","Calendula","Accepted","MATCH"
"Calendula officinalis","Calendula officinalis","wfo-0000007455","species","L.","Asteraceae","Calendula","Accepted","MATCH"
"Calepina irregularis","Calepina irregularis","wfo-0000580142","species","(Asso) Thell.","Brassicaceae","Calepina","Accepted","MATCH"
"Calystegia","Calystegia","wfo-4000006336","genus","R.Br.","Convolvulaceae","Calystegia","Accepted","MATCH"
"Calystegia sepium","Calystegia sepium","wfo-0001296723","species","(L.) R.Br.","Convolvulaceae","Calystegia","Accepted","MATCH"
"Calystegia sepium sepium","Calystegia sepium","wfo-0001296723","species","(L.) R.Br.","Convolvulaceae","Calystegia","Accepted","FUZZY"
"Camelina","Camelina","wfo-4000006355","genus","Crantz","Brassicaceae","Camelina","Accepted","MATCH"
"Camelina alyssum","Camelina alyssum","wfo-0000582136","species","Thell.","Brassicaceae","Camelina","Accepted","MATCH"
"Camelina microcarpa","Camelina microcarpa","wfo-0000582173","species","Andrz. ex DC.","Brassicaceae","Camelina","Accepted","MATCH"
"Camelina rumelica","Camelina rumelica","wfo-0000582186","species","Velen.","Brassicaceae","Camelina","Accepted","MATCH"
"Camelina sativa","Camelina sativa","wfo-0000582189","species","(L.) Crantz","Brassicaceae","Camelina","Accepted","MATCH"
"Camelina sativa pilosa","Camelina sativa","wfo-0000582189","species","(L.) Crantz","Brassicaceae","Camelina","Accepted","FUZZY"
"Campanula","Campanula","wfo-4000006381","genus","L.","Campanulaceae","Campanula","Accepted","MATCH"
"Campanula erinus","Campanula erinus","wfo-0000827127","species","L.","Campanulaceae","Campanula","Accepted","MATCH"
"Campanula glomerata","Campanula glomerata","wfo-0000827269","species","L.","Campanulaceae","Campanula","Accepted","MATCH"
"Campanula patula","Campanula patula","wfo-0000828061","species","L.","Campanulaceae","Campanula","Accepted","MATCH"
"Campanula persicifolia","Campanula persicifolia","wfo-0000828132","species","L.","Campanulaceae","Campanula","Accepted","MATCH"
"Campanula rapunculoides","Campanula rapunculoides","wfo-0000828416","species","L.","Campanulaceae","Campanula","Accepted","MATCH"
"Campanula rapunculus","Campanula rapunculus","wfo-0000828443","species","L.","Campanulaceae","Campanula","Accepted","MATCH"
"Campanula rotundifolia","Campanula rotundifolia","wfo-0000828550","species","L.","Campanulaceae","Campanula","Accepted","MATCH"
"Cannabis sativa","Cannabis sativa","wfo-0000584001","species","L.","Cannabaceae","Cannabis","Accepted","MATCH"
"Capsella","Capsella","wfo-4000006621","genus","Medik.","Brassicaceae","Capsella","Accepted","MATCH"
"Capsella bursa pastoris","Capsella bursa-pastoris","wfo-0000585589","species","Medik.","Brassicaceae","Capsella","Accepted","FUZZY"
"Capsella bursa-pastoris","Capsella bursa-pastoris","wfo-0000585589","species","Medik.","Brassicaceae","Capsella","Accepted","MATCH"
"Capsella bursa-pastoris bursa-pastoris","Capsella bursa-pastoris","wfo-0000585589","species","Medik.","Brassicaceae","Capsella","Accepted","FUZZY"
"Capsella bursa-pastoris rubella","Capsella bursa-pastoris","wfo-0000585589","species","Medik.","Brassicaceae","Capsella","Accepted","FUZZY"
"Capsella rubella","Capsella rubella","wfo-0000585784","species","Reut.","Brassicaceae","Capsella","Accepted","MATCH"
"Cardamine","Cardamine","wfo-4000006656","genus","L.","Brassicaceae","Cardamine","Accepted","MATCH"
"Cardamine flexuosa","Cardamine flexuosa","wfo-0000586792","species","With.","Brassicaceae","Cardamine","Accepted","MATCH"
"Cardamine hirsuta","Cardamine hirsuta","wfo-0000586924","species","L.","Brassicaceae","Cardamine","Accepted","MATCH"
"Cardamine pratensis","Cardamine pratensis","wfo-0000587355","species","L.","Brassicaceae","Cardamine","Accepted","MATCH"
"Cardaminopsis arenosa arenosa","Arabidopsis arenosa subsp. arenosa","wfo-0001285545","subspecies","Lawalrée","Brassicaceae","Arabidopsis","Accepted","FUZZY"
"Cardaria draba","Lepidium draba","wfo-0000361312","species","L.","Brassicaceae","Lepidium","Accepted","MATCH"
"Cardueae","Cardueae","wfo-4100000062","tribe","Cass.","Asteraceae","","Accepted","MATCH"
"Carduus","Carduus","wfo-4000006704","genus","L.","Asteraceae","Carduus","Accepted","MATCH"
"Carduus acanthoides","Carduus acanthoides","wfo-0000114356","species","L.","Asteraceae","Carduus","Accepted","MATCH"
"Carduus crispus","Carduus crispus","wfo-0000014895","species","Guirao ex Nyman","Asteraceae","Carduus","Accepted","MATCH"
"Carduus crispus crispus","Carduus crispus","wfo-0000014895","species","Guirao ex Nyman","Asteraceae","Carduus","Accepted","FUZZY"
"Carduus litigiosus","Carduus litigiosus","wfo-0000120707","species","Nocca & Balb.","Asteraceae","Carduus","Accepted","MATCH"
"Carduus nigrescens","Carduus nigrescens","wfo-0000123996","species","Vill.","Asteraceae","Carduus","Accepted","MATCH"
"Carduus nutans","Carduus nutans","wfo-0000084791","species","L.","Asteraceae","Carduus","Accepted","MATCH"
"Carduus personata","Carduus personata","wfo-0000087420","species","(L.) Jacq.","Asteraceae","Carduus","Accepted","MATCH"
"Carduus pycnocephalus","Carduus pycnocephalus","wfo-0000024120","species","L.","Asteraceae","Carduus","Accepted","MATCH"
"Carduus tenuiflorus","Carduus tenuiflorus","wfo-0000003240","species","Curtis","Asteraceae","Carduus","Accepted","MATCH"
"Carex","Carex","wfo-4000006709","genus","L.","Cyperaceae","Carex","Accepted","MATCH"
"Carex acuta","Carex acuta","wfo-0000344146","species","L.","Cyperaceae","Carex","Accepted","MATCH"
"Carex caryophyllea","Carex caryophyllea","wfo-0000345352","species","Latourr.","Cyperaceae","Carex","Accepted","MATCH"
"Carex cuprina","Carex leersii","wfo-0000348209","species","F.W.Schultz","Cyperaceae","Carex","Accepted","MATCH"
"Carex curvula","Carex curvula","wfo-0000345842","species","All.","Cyperaceae","Carex","Accepted","MATCH"
"Carex distans","Carex distans","wfo-0000346128","species","L.","Cyperaceae","Carex","Accepted","MATCH"
"Carex disticha","Carex disticha","wfo-0000346148","species","Huds.","Cyperaceae","Carex","Accepted","MATCH"
"Carex divulsa","Carex divulsa","wfo-0000346191","species","Stokes","Cyperaceae","Carex","Accepted","MATCH"
"Carex echinata","Carex echinata","wfo-0000346291","species","Murray","Cyperaceae","Carex","Accepted","MATCH"
"Carex ericetorum","Carex ericetorum","wfo-0000346431","species","Pollich","Cyperaceae","Carex","Accepted","MATCH"
"Carex flacca","Carex flacca","wfo-0000346645","species","Schreb.","Cyperaceae","Carex","Accepted","MATCH"
"Carex halleriana","Carex halleriana","wfo-0000347299","species","Asso","Cyperaceae","Carex","Accepted","MATCH"
"Carex hirta","Carex hirta","wfo-0000347452","species","L.","Cyperaceae","Carex","Accepted","MATCH"
"Carex leporina","Carex leporina","wfo-0000348260","species","L.","Cyperaceae","Carex","Accepted","MATCH"
"Carex muricata","Carex muricata","wfo-0000349075","species","L.","Cyperaceae","Carex","Accepted","MATCH"
"Carex nigra","Carex nigra","wfo-0000349250","species","(L.) Reichard","Cyperaceae","Carex","Accepted","MATCH"
"Carex otrubae","Carex otrubae","wfo-0000349613","species","Podp.","Cyperaceae","Carex","Accepted","MATCH"
"Carex pairae","Carex pairae","wfo-0000349663","species","F.W.Schultz","Cyperaceae","Carex","Accepted","MATCH"
"Carex pallescens","Carex pallescens","wfo-0000349686","species","L.","Cyperaceae","Carex","Accepted","MATCH"
"Carex paniculata","Carex paniculata","wfo-0000349753","species","L.","Cyperaceae","Carex","Accepted","MATCH"
"Carex pendula","Carex pendula","wfo-0000349898","species","Huds.","Cyperaceae","Carex","Accepted","MATCH"
"Carex remota","Carex remota","wfo-0000350606","species","L.","Cyperaceae","Carex","Accepted","MATCH"
"Carex riparia","Carex riparia","wfo-0000350744","species","Curtis","Cyperaceae","Carex","Accepted","MATCH"
"Carex spicata","Carex spicata","wfo-0000351443","species","Huds.","Cyperaceae","Carex","Accepted","MATCH"
"Carex vulpina","Carex vulpina","wfo-0000352605","species","L.","Cyperaceae","Carex","Accepted","MATCH"
"Carlina corymbosa","Carlina corymbosa","wfo-0000055446","species","L.","Asteraceae","Carlina","Accepted","MATCH"
"Carlina lanata","Carlina lanata","wfo-0000073774","species","L.","Asteraceae","Carlina","Accepted","MATCH"
"Carlina vulgaris","Carlina vulgaris","wfo-0000121183","species","Schur","Asteraceae","Carlina","Accepted","MATCH"
"Carpinus","Carpinus","wfo-4000006782","genus","L.","Betulaceae","Carpinus","Accepted","MATCH"
"Carpinus betulus","Carpinus betulus","wfo-0000804581","species","L.","Betulaceae","Carpinus","Accepted","MATCH"
"Carthamus carduncellus","Carthamus carduncellus","wfo-0000023567","species","L.","Asteraceae","Carthamus","Accepted","MATCH"
"Carthamus lanatus","Carthamus lanatus","wfo-0000116437","species","L.","Asteraceae","Carthamus","Accepted","MATCH"
"Carthamus mitissimus","Carduncellus mitissimus","wfo-0000117342","species","(L.) DC.","Asteraceae","Carduncellus","Accepted","MATCH"
"Carum carvi","Carum carvi","wfo-0000588460","species","L.","Apiaceae","Carum","Accepted","MATCH"
"Caryophyllaceae","Caryophyllaceae","wfo-7000000117","family","Juss.","Caryophyllaceae","","Accepted","MATCH"
"Castanea","Castanea","wfo-4000006925","genus","Mill.","Fagaceae","Castanea","Accepted","MATCH"
"Castanea sativa","Castanea sativa","wfo-0000812271","species","Mill.","Fagaceae","Castanea","Accepted","MATCH"
"Catananche caerulea","Catananche caerulea","wfo-0000129290","species","L.","Asteraceae","Catananche","Accepted","MATCH"
"Catapodium hemipoa","Catapodium hemipoa","wfo-0000858490","species","(Delile ex Spreng.) M.Laínz","Poaceae","Catapodium","Accepted","MATCH"
"Catapodium rigidum","Catapodium rigidum","wfo-0000858509","species","(L.) C.E.Hubb.","Poaceae","Catapodium","Accepted","MATCH"
"Caucalis platycarpos","Caucalis platycarpos","wfo-0000591123","species","L.","Apiaceae","Caucalis","Accepted","MATCH"
"Celtis australis","Celtis australis","wfo-0000593422","species","L.","Cannabaceae","Celtis","Accepted","MATCH"
"Cenchrus incertus","Cenchrus spinifex","wfo-0000858715","species","Cav.","Poaceae","Cenchrus","Accepted","MATCH"
"Cenchrus spicatus","Cenchrus americanus","wfo-0000917339","species","(L.) Morrone","Poaceae","Cenchrus","Accepted","MATCH"
"Centaurea","Centaurea","wfo-4000007161","genus","L.","Asteraceae","Centaurea","Accepted","MATCH"
"Centaurea acaulis","Centaurea acaulis","wfo-0000039335","species","L.","Asteraceae","Centaurea","Accepted","MATCH"
"Centaurea argentea","Centaurea argentea","wfo-0000118986","species","L.","Asteraceae","Centaurea","Accepted","MATCH"
"Centaurea aspera","Centaurea aspera","wfo-0000016988","species","L.","Asteraceae","Centaurea","Accepted","MATCH"
"Centaurea aspera aspera","Centaurea aspera","wfo-0000016988","species","L.","Asteraceae","Centaurea","Accepted","FUZZY"
"Centaurea benedicta","Centaurea benedicta","wfo-0000034687","species","(L.) L.","Asteraceae","Centaurea","Accepted","MATCH"
"Centaurea calcitrapa","Centaurea calcitrapa","wfo-0000137211","species","L.","Asteraceae","Centaurea","Accepted","MATCH"
"Centaurea cineraria","Centaurea cineraria","wfo-0000071862","species","L.","Asteraceae","Centaurea","Accepted","MATCH"
"Centaurea collina","Centaurea collina","wfo-0000062535","species","L.","Asteraceae","Centaurea","Accepted","MATCH"
"Centaurea cyanus","Centaurea cyanus","wfo-0000008997","species","L.","Asteraceae","Centaurea","Accepted","MATCH"
"Centaurea decipiens","Centaurea decipiens","wfo-0000114165","species","Thuill.","Asteraceae","Centaurea","Accepted","MATCH"
"Centaurea diluta","Centaurea diluta","wfo-0000011105","species","Aiton","Asteraceae","Centaurea","Accepted","MATCH"
"Centaurea eriophora","Centaurea eriophora","wfo-0000040872","species","L.","Asteraceae","Centaurea","Accepted","MATCH"
"Centaurea jacea","Centaurea jacea","wfo-0000095537","species","L.","Asteraceae","Centaurea","Accepted","MATCH"
"Centaurea jacea grandiflora x jacea jacea","Centaurea jacea","wfo-0000095537","species","L.","Asteraceae","Centaurea","Accepted","FUZZY"
"Centaurea jacea grandiflora x jacea nigra","Centaurea jacea","wfo-0000095537","species","L.","Asteraceae","Centaurea","Accepted","FUZZY"
"Centaurea jacea jacea","Centaurea jacea","wfo-0000095537","species","L.","Asteraceae","Centaurea","Accepted","FUZZY"
"Centaurea jacea nigra","Centaurea jacea","wfo-0000095537","species","L.","Asteraceae","Centaurea","Accepted","FUZZY"
"Centaurea jacea nigrescens","Centaurea jacea","wfo-0000095537","species","L.","Asteraceae","Centaurea","Accepted","FUZZY"
"Centaurea jacea timbalii","Centaurea jacea","wfo-0000095537","species","L.","Asteraceae","Centaurea","Accepted","FUZZY"
"Centaurea melitensis","Centaurea melitensis","wfo-0000005385","species","L.","Asteraceae","Centaurea","Accepted","MATCH"
"Centaurea napifolia","Centaurea napifolia","wfo-0000138304","species","L.","Asteraceae","Centaurea","Accepted","MATCH"
"Centaurea nicaeensis","Centaurea sicula","wfo-0000119562","species","L.","Asteraceae","Centaurea","Accepted","MATCH"
"Centaurea nigra","Centaurea nigra","wfo-0000043513","species","L.","Asteraceae","Centaurea","Accepted","MATCH"
"Centaurea nigrescens","Centaurea nigrescens","wfo-0000085587","species","Willd.","Asteraceae","Centaurea","Accepted","MATCH"
"Centaurea paniculata","Centaurea paniculata","wfo-0000134742","species","L.","Asteraceae","Centaurea","Accepted","MATCH"
"Centaurea pullata","Centaurea pullata","wfo-0000138368","species","L.","Asteraceae","Centaurea","Accepted","MATCH"
"Centaurea scabiosa","Centaurea scabiosa","wfo-0000013986","species","L.","Asteraceae","Centaurea","Accepted","MATCH"
"Centaurea solstitialis","Centaurea solstitialis","wfo-0000035974","species","L.","Asteraceae","Centaurea","Accepted","MATCH"
"Centaurea stoebe","Centaurea stoebe","wfo-0000021390","species","Tausch","Asteraceae","Centaurea","Accepted","MATCH"
"Centaurium","Centaurium","wfo-4000007167","genus","Hill","Gentianaceae","Centaurium","Accepted","MATCH"
"Centaurium erythraea","Centaurium erythraea","wfo-0000593916","species","Rafn","Gentianaceae","Centaurium","Accepted","MATCH"
"Centaurium erythraea erythraea","Centaurium erythraea","wfo-0000593916","species","Rafn","Gentianaceae","Centaurium","Accepted","FUZZY"
"Centaurium pulchellum","Centaurium pulchellum","wfo-0000594018","species","(Sw.) Druce","Gentianaceae","Centaurium","Accepted","MATCH"
"Centaurium tenuiflorum","Centaurium tenuiflorum","wfo-0000594064","species","(Hoffmanns. & Link) Fritsch","Gentianaceae","Centaurium","Accepted","MATCH"
"Centranthus calcitrapa","Valeriana calcitrapae","wfo-0000425385","species","L.","Caprifoliaceae","Valeriana","Accepted","FUZZY"
"Centranthus calcitrapae","Valeriana calcitrapae","wfo-0000425385","species","L.","Caprifoliaceae","Valeriana","Accepted","MATCH"
"Centranthus ruber","Valeriana rubra","wfo-0000426886","species","L.","Caprifoliaceae","Valeriana","Accepted","MATCH"
"Cephalanthera rubra","Cephalanthera rubra","wfo-0000829375","species","(L.) Rich.","Orchidaceae","Cephalanthera","Accepted","MATCH"
"Cerastium","Cerastium","wfo-4000007327","genus","L.","Caryophyllaceae","Cerastium","Accepted","MATCH"
"Cerastium arvense","Cerastium arvense","wfo-0000595158","species","L.","Caryophyllaceae","Cerastium","Accepted","MATCH"
"Cerastium brachypetalum","Cerastium brachypetalum","wfo-0000595299","species","Pers.","Caryophyllaceae","Cerastium","Accepted","MATCH"
"Cerastium brachypetalum brachypetalum","Cerastium brachypetalum","wfo-0000595299","species","Pers.","Caryophyllaceae","Cerastium","Accepted","FUZZY"
"Cerastium brachypetalum luridum","Cerastium brachypetalum","wfo-0000595299","species","Pers.","Caryophyllaceae","Cerastium","Accepted","FUZZY"
"Cerastium dichotomum","Cerastium dichotomum","wfo-0000595482","species","L.","Caryophyllaceae","Cerastium","Accepted","MATCH"
"Cerastium diffusum","Cerastium diffusum","wfo-0000595487","species","Pers.","Caryophyllaceae","Cerastium","Accepted","MATCH"
"Cerastium fontanum","Cerastium fontanum","wfo-0000595550","species","Baumg.","Caryophyllaceae","Cerastium","Accepted","MATCH"
"Cerastium fontanum holosteoides","Cerastium fontanum subsp. vulgare","wfo-0000595577","subspecies","(Hartm.) Greuter & Burdet","Caryophyllaceae","Cerastium","Accepted","FUZZY"
"Cerastium fontanum vulgare","Cerastium fontanum subsp. vulgare","wfo-0000595577","subspecies","(Hartm.) Greuter & Burdet","Caryophyllaceae","Cerastium","Accepted","FUZZY"
"Cerastium glomeratum","Cerastium glomeratum","wfo-0000595603","species","Thuill.","Caryophyllaceae","Cerastium","Accepted","MATCH"
"Cerastium holosteoides","Cerastium fontanum subsp. vulgare","wfo-0000595577","subspecies","(Hartm.) Greuter & Burdet","Caryophyllaceae","Cerastium","Accepted","MATCH"
"Cerastium perfoliatum","Cerastium perfoliatum","wfo-0000595988","species","L.","Caryophyllaceae","Cerastium","Accepted","MATCH"
"Cerastium pumilum","Cerastium pumilum","wfo-0000596025","species","Curtis","Caryophyllaceae","Cerastium","Accepted","MATCH"
"Cerastium ramosissimum","Cerastium gracile","wfo-0000595615","species","Dufour","Caryophyllaceae","Cerastium","Accepted","MATCH"
"Cerastium semidecandrum","Cerastium semidecandrum","wfo-0000596122","species","L.","Caryophyllaceae","Cerastium","Accepted","MATCH"
"Cerastium vulgare","Cerastium fontanum subsp. vulgare","wfo-0000595577","subspecies","(Hartm.) Greuter & Burdet","Caryophyllaceae","Cerastium","Accepted","MATCH"
"Ceratocephala falcata","Ranunculus falcatus","wfo-0000460446","species","L.","Ranunculaceae","Ranunculus","Accepted","MATCH"
"Ceratochloa cathartica","Bromus catharticus","wfo-0000855346","species","Vahl","Poaceae","Bromus","Accepted","MATCH"
"Cercis siliquastrum","Cercis siliquastrum","wfo-0000213642","species","L.","Fabaceae","Cercis","Accepted","MATCH"
"Cerinthe minor","Cerinthe minor","wfo-0000597886","species","L.","Boraginaceae","Cerinthe","Accepted","MATCH"
"Cervaria rivini","Peucedanum cervaria","wfo-0000391587","species","(L.) Lapeyr.","Apiaceae","Peucedanum","Accepted","MATCH"
"Chaenomeles x superba","Chaenomeles × superba","wfo-0000990806","species","(Frahm) Rehder","Rosaceae","Chaenomeles","Accepted","FUZZY"
"Chaenorhinum minus","Chaenorhinum minus","wfo-0000598753","species","(L.) Lange","Plantaginaceae","Chaenorhinum","Accepted","MATCH"
"Chaenorhinum origanifolium","Chaenorhinum origanifolium","wfo-0001139066","species","(L.) Kostel.","Plantaginaceae","Chaenorhinum","Accepted","MATCH"
"Chaenorhinum rubrifolium","Chaenorhinum rubrifolium","wfo-0000598781","species","(Robert & Castagne ex DC.) Fourr.","Plantaginaceae","Chaenorhinum","Accepted","MATCH"
"Chaenorrhinum minus","Chaenorhinum minus","wfo-0000598753","species","(L.) Lange","Plantaginaceae","Chaenorhinum","Accepted","FUZZY"
"Chaenorrhinum minus minus","Chaenorhinum minus","wfo-0000598753","species","(L.) Lange","Plantaginaceae","Chaenorhinum","Accepted","FUZZY"
"Chaerophyllum","Chaerophyllum","wfo-4000007487","genus","L.","Apiaceae","Chaerophyllum","Accepted","MATCH"
"Chaerophyllum aureum","Chaerophyllum aureum","wfo-0000598944","species","L.","Apiaceae","Chaerophyllum","Accepted","MATCH"
"Chaerophyllum bulbosum","Chaerophyllum bulbosum","wfo-0000598957","species","L.","Apiaceae","Chaerophyllum","Accepted","MATCH"
"Chaerophyllum hirsutum","Chaerophyllum hirsutum","wfo-0000599013","species","L.","Apiaceae","Chaerophyllum","Accepted","MATCH"
"Chaerophyllum temulum","Chaerophyllum temulum","wfo-0000599113","species","L.","Apiaceae","Chaerophyllum","Accepted","MATCH"
"Chamaemelum","Chamaemelum","wfo-4000007610","genus","Mill.","Asteraceae","Chamaemelum","Accepted","MATCH"
"Chamaemelum nobile","Chamaemelum nobile","wfo-0000005006","species","L.","Asteraceae","Chamaemelum","Accepted","MATCH"
"Chamaenerion angustifolium","Epilobium angustifolium","wfo-0000668750","species","L.","Onagraceae","Epilobium","Accepted","MATCH"
"Chamerion angustifolium","Epilobium angustifolium","wfo-0000668750","species","L.","Onagraceae","Epilobium","Accepted","MATCH"
"Chamomilla recutita","Chamomilla recutita","wfo-0000010283","species","(L.) Rauschert","Asteraceae","Chamomilla","Unchecked","MATCH"
"Chelidonium","Chelidonium","wfo-4000007794","genus","L.","Papaveraceae","Chelidonium","Accepted","MATCH"
"Chelidonium majus","Chelidonium majus","wfo-0000600655","species","L.","Papaveraceae","Chelidonium","Accepted","MATCH"
"Chenopodiaceae","Chenopodiaceae","wfo-7000000655","family","Vent.","Chenopodiaceae","","Accepted","MATCH"
"Chenopodiastrum hybridum","Chenopodiastrum hybridum","wfo-0001302713","species","(L.) S.Fuentes, Uotila & Borsch","Chenopodiaceae","Chenopodiastrum","Unchecked","MATCH"
"Chenopodiastrum murale","Chenopodiastrum murale","wfo-0001440519","species","(L.) S.Fuentes, Uotila & Borsch","Chenopodiaceae","Chenopodiastrum","Accepted","MATCH"
"Chenopodium","Chenopodium","wfo-4000007814","genus","L.","Chenopodiaceae","Chenopodium","Accepted","MATCH"
"Chenopodium album","Chenopodium album","wfo-0000600897","species","L.","Chenopodiaceae","Chenopodium","Accepted","MATCH"
"Chenopodium album album","Chenopodium album","wfo-0000600897","species","L.","Chenopodiaceae","Chenopodium","Accepted","FUZZY"
"Chenopodium album x rubrum","Chenopodium album","wfo-0000600897","species","L.","Chenopodiaceae","Chenopodium","Accepted","FUZZY"
"Chenopodium berlandieri","Chenopodium berlandieri","wfo-0000601061","species","Moq.","Chenopodiaceae","Chenopodium","Accepted","MATCH"
"Chenopodium betaceum","Chenopodium betaceum","wfo-0000601099","species","Andrz.","Chenopodiaceae","Chenopodium","Accepted","MATCH"
"Chenopodium ficifolium","Chenopodium ficifolium","wfo-0000601268","species","Sm.","Chenopodiaceae","Chenopodium","Accepted","MATCH"
"Chenopodium glaucum","Oxybasis glauca","wfo-0001302717","species","(L.) S.Fuentes, Uotila & Borsch","Chenopodiaceae","Oxybasis","Accepted","MATCH"
"Chenopodium hybridum","Chenopodium hybridum","wfo-0000601402","species","L.","Chenopodiaceae","Chenopodium","Accepted","MATCH"
"Chenopodium murale","Chenopodium murale","wfo-0000601534","species","L.","Chenopodiaceae","Chenopodium","Accepted","MATCH"
"Chenopodium opulifolium","Chenopodium opulifolium","wfo-0000601580","species","Schrad. ex W.D.J.Koch & Ziz","Chenopodiaceae","Chenopodium","Accepted","MATCH"
"Chenopodium polyspermum","Lipandra polysperma","wfo-0001302716","species","(L.) S.Fuentes, Uotila & Borsch","Chenopodiaceae","Lipandra","Accepted","MATCH"
"Chenopodium pratericola","Chenopodium desiccatum var. leptophylloides","wfo-0000601232","variety","(Murr) Wahl","Chenopodiaceae","Chenopodium","Accepted","MATCH"
"Chenopodium urbicum","Oxybasis urbica","wfo-0001302718","species","(L.) S.Fuentes, Uotila & Borsch","Chenopodiaceae","Oxybasis","Accepted","MATCH"
"Chenopodium vulvaria","Chenopodium vulvaria","wfo-0000601914","species","L.","Chenopodiaceae","Chenopodium","Accepted","MATCH"
"Chepodium polyspermum","Lipandra polysperma","wfo-0001302716","species","(L.) S.Fuentes, Uotila & Borsch","Chenopodiaceae","Lipandra","Accepted","FUZZY"
"Chondrilla juncea","Chondrilla juncea","wfo-0000030135","species","L.","Asteraceae","Chondrilla","Accepted","MATCH"
"Chrozophora tinctoria","Chrozophora tinctoria","wfo-0000852775","species","(L.) A.Juss.","Euphorbiaceae","Chrozophora","Accepted","MATCH"
"Chrysanthemum","Chrysanthemum","wfo-4000008177","genus","L.","Asteraceae","Chrysanthemum","Accepted","MATCH"
"Chrysanthemum segetum","Glebionis segetum","wfo-0000091403","species","Fourr.","Asteraceae","Glebionis","Accepted","MATCH"
"Cicer arietinum","Cicer arietinum","wfo-0000196617","species","L.","Fabaceae","Cicer","Accepted","MATCH"
"Cichorium","Cichorium","wfo-4000008307","genus","L.","Asteraceae","Cichorium","Accepted","MATCH"
"Cichorium calvum","Cichorium calvum","wfo-0000027681","species","Sch.Bip. ex Asch.","Asteraceae","Cichorium","Accepted","MATCH"
"Cichorium endivia","Cichorium endivia","wfo-0000121598","species","L.","Asteraceae","Cichorium","Accepted","MATCH"
"Cichorium intybus","Cichorium intybus","wfo-0000080671","species","L.","Asteraceae","Cichorium","Accepted","MATCH"
"Cichorium intybus intybus","Cichorium intybus","wfo-0000080671","species","L.","Asteraceae","Cichorium","Accepted","FUZZY"
"Cicuta virosa","Cicuta virosa","wfo-0000604532","species","L.","Apiaceae","Cicuta","Accepted","MATCH"
"Circaea","Circaea","wfo-4000008361","genus","L.","Onagraceae","Circaea","Accepted","MATCH"
"Cirsium","Cirsium","wfo-4000008373","genus","Mill.","Asteraceae","Cirsium","Accepted","MATCH"
"Cirsium arvense","Cirsium arvense","wfo-0000006870","species","(L.) Scop.","Asteraceae","Cirsium","Accepted","MATCH"
"Cirsium arvense alpestre","Cirsium arvense","wfo-0000006870","species","(L.) Scop.","Asteraceae","Cirsium","Accepted","FUZZY"
"Cirsium arvense arvense","Cirsium arvense","wfo-0000006870","species","(L.) Scop.","Asteraceae","Cirsium","Accepted","FUZZY"
"Cirsium dissectum","Cirsium dissectum","wfo-0000079119","species","(L.) Hill","Asteraceae","Cirsium","Accepted","MATCH"
"Cirsium eriophorum","Cirsium eriophorum","wfo-0000055206","species","Scop.","Asteraceae","Cirsium","Accepted","MATCH"
"Cirsium erisitales","Cirsium erisithales","wfo-0000013488","species","(Jacq.) Scop.","Asteraceae","Cirsium","Accepted","FUZZY"
"Cirsium ferox","Cirsium ferox","wfo-0000021264","species","(L.) DC.","Asteraceae","Cirsium","Accepted","MATCH"
"Cirsium helenioides","Cirsium helenioides","wfo-0000005084","species","(L.) Hill","Asteraceae","Cirsium","Accepted","MATCH"
"Cirsium lanceolatum","Cirsium lanceolatum","wfo-0000121697","species","Hill","Asteraceae","Cirsium","Accepted","MATCH"
"Cirsium oleraceum","Cirsium oleraceum","wfo-0000063143","species","(L.) Scop.","Asteraceae","Cirsium","Accepted","MATCH"
"Cirsium palustre","Cirsium palustre","wfo-0000043760","species","(L.) Scop.","Asteraceae","Cirsium","Accepted","MATCH"
"Cirsium spinosissimum","Cirsium spinosissimum","wfo-0000027702","species","(L.) Scop.","Asteraceae","Cirsium","Accepted","MATCH"
"Cirsium tuberosum","Cirsium tuberosum","wfo-0000126944","species","(L.) All.","Asteraceae","Cirsium","Accepted","MATCH"
"Cirsium vulgare","Cirsium vulgare","wfo-0000081703","species","(Savi) Ten.","Asteraceae","Cirsium","Accepted","MATCH"
"Cirsium vulgare crinitum","Cirsium vulgare","wfo-0000081703","species","(Savi) Ten.","Asteraceae","Cirsium","Accepted","FUZZY"
"Cirsium vulgare vulgare","Cirsium vulgare","wfo-0000081703","species","(Savi) Ten.","Asteraceae","Cirsium","Accepted","FUZZY"
"Cistus albidus","Cistus albidus","wfo-0000607197","species","L.","Cistaceae","Cistus","Accepted","MATCH"
"Cistus monspeliensis","Cistus monspeliensis","wfo-0000607465","species","L.","Cistaceae","Cistus","Accepted","MATCH"
"Cistus salviifolius","Cistus salviifolius","wfo-0000607577","species","L.","Cistaceae","Cistus","Accepted","MATCH"
"Cladanthus mixtus","Cladanthus mixtus","wfo-0000122557","species","(L.) Chevall.","Asteraceae","Cladanthus","Accepted","MATCH"
"Clematis","Clematis","wfo-4000008565","genus","L.","Ranunculaceae","Clematis","Accepted","MATCH"
"Clematis cirrhosa","Clematis cirrhosa","wfo-0000609696","species","L.","Ranunculaceae","Clematis","Accepted","MATCH"
"Clematis flammula","Clematis flammula","wfo-0000609903","species","L.","Ranunculaceae","Clematis","Accepted","MATCH"
"Clematis vitalba","Clematis vitalba","wfo-0000610926","species","L.","Ranunculaceae","Clematis","Accepted","MATCH"
"Clematis viticella","Clematis viticella","wfo-0000610944","species","L.","Ranunculaceae","Clematis","Accepted","MATCH"
"Clinopodium","Clinopodium","wfo-4000008626","genus","L.","Lamiaceae","Clinopodium","Accepted","MATCH"
"Clinopodium acinos","Clinopodium acinos","wfo-0000890516","species","(L.) Kuntze","Lamiaceae","Clinopodium","Accepted","MATCH"
"Clinopodium nepeta","Clinopodium nepeta","wfo-0000892607","species","(L.) Kuntze","Lamiaceae","Clinopodium","Accepted","MATCH"
"Clinopodium nepeta ascendens","Clinopodium nepeta","wfo-0000892607","species","(L.) Kuntze","Lamiaceae","Clinopodium","Accepted","FUZZY"
"Clinopodium vulgare","Clinopodium vulgare","wfo-0000893535","species","L.","Lamiaceae","Clinopodium","Accepted","MATCH"
"Cochlearia","Cochlearia","wfo-4000008737","genus","L.","Brassicaceae","Cochlearia","Accepted","MATCH"
"Coincya cheiranthos","Coincya monensis subsp. cheiranthos","wfo-0000614324","subspecies","(Vill.) Aedo, Leadlay & Muñoz Garm.","Brassicaceae","Coincya","Accepted","MATCH"
"Coincya monensis cheiranthos","Coincya monensis","wfo-0000614323","species","(L.) Greuter & Burdet","Brassicaceae","Coincya","Accepted","FUZZY"
"Colchicum autumnalis","Colchicum autumnale","wfo-0000763824","species","L.","Colchicaceae","Colchicum","Accepted","FUZZY"
"Coleostephus myconis","Coleostephus myconis","wfo-0000060066","species","(L.) Rchb.f.","Asteraceae","Coleostephus","Accepted","MATCH"
"Commelina","Commelina","wfo-4000009041","genus","Plum. ex L.","Commelinaceae","Commelina","Accepted","MATCH"
"Commelina communis","Commelina communis","wfo-0000358362","species","L.","Commelinaceae","Commelina","Accepted","MATCH"
"Conium","Conium","wfo-4000009137","genus","L.","Apiaceae","Conium","Accepted","MATCH"
"Conium maculatum","Conium maculatum","wfo-0000617964","species","L.","Apiaceae","Conium","Accepted","MATCH"
"Conopodium majus","Conopodium majus","wfo-0000619241","species","(Gouan) Loret","Apiaceae","Conopodium","Accepted","MATCH"
"Conringia orientalis","Conringia orientalis","wfo-1000080222","species","(L.) C.Presl","Brassicaceae","Conringia","Accepted","MATCH"
"Consolida orientalis","Delphinium ajacis","wfo-0000639671","species","L.","Ranunculaceae","Delphinium","Accepted","MATCH"
"Consolida pubescens","Delphinium pubescens","wfo-0000640612","species","DC.","Ranunculaceae","Delphinium","Accepted","MATCH"
"Consolida regalis","Delphinium consolida","wfo-0000639920","species","L.","Ranunculaceae","Delphinium","Accepted","MATCH"
"Convolvulus","Convolvulus","wfo-4000009203","genus","L.","Convolvulaceae","Convolvulus","Accepted","MATCH"
"Convolvulus althaeoides","Convolvulus althaeoides","wfo-0001297551","species","L.","Convolvulaceae","Convolvulus","Accepted","MATCH"
"Convolvulus arvensis","Convolvulus arvensis","wfo-0001296633","species","L.","Convolvulaceae","Convolvulus","Accepted","MATCH"
"Convolvulus arvensis arvensis","Convolvulus arvensis","wfo-0001296633","species","L.","Convolvulaceae","Convolvulus","Accepted","FUZZY"
"Convolvulus cantabrica","Convolvulus cantabrica","wfo-0000155688","species","L.","Convolvulaceae","Convolvulus","Accepted","MATCH"
"Convolvulus sepium","Calystegia sepium","wfo-0001296723","species","(L.) R.Br.","Convolvulaceae","Calystegia","Accepted","MATCH"
"Convolvulus soldanella","Convolvulus soldanella","wfo-0001297653","species","L.","Convolvulaceae","Convolvulus","Unchecked","MATCH"
"Conyza","Conyza","wfo-4000009205","genus","Less.","Asteraceae","Conyza","Accepted","MATCH"
"Conyza bonariensis","Erigeron bonariensis","wfo-0000075344","species","L.","Asteraceae","Erigeron","Accepted","MATCH"
"Conyza canadensis","Erigeron canadensis","wfo-0000015917","species","L.","Asteraceae","Erigeron","Accepted","MATCH"
"Conyza sumatrensis","Conyza sumatrensis","wfo-0000073349","species","(S.F.Blake) Pruski & G.Sancho","Asteraceae","Conyza","Accepted","MATCH"
"Coriandrum sativum","Coriandrum sativum","wfo-0000621274","species","L.","Apiaceae","Coriandrum","Accepted","MATCH"
"Coris monspeliensis","Coris monspeliensis","wfo-0000621338","species","L.","Primulaceae","Coris","Accepted","MATCH"
"Corispermum nitidum","Corispermum nitidum","wfo-0000621447","species","Kit. ex Schult.","Chenopodiaceae","Corispermum","Accepted","MATCH"
"Cornonilla varia","Coronilla varia","wfo-0000213691","species","L.","Fabaceae","Coronilla","Accepted","FUZZY"
"Cornus","Cornus","wfo-4000009342","genus","L.","Cornaceae","Cornus","Accepted","MATCH"
"Cornus alba","Cornus alba","wfo-0000924570","species","L.","Cornaceae","Cornus","Accepted","MATCH"
"Cornus mas","Cornus mas","wfo-0000924760","species","L.","Cornaceae","Cornus","Accepted","MATCH"
"Cornus sanguinea","Cornus sanguinea","wfo-0000924828","species","L.","Cornaceae","Cornus","Accepted","MATCH"
"Cornus sanguinea sanguinea","Cornus sanguinea","wfo-0000924828","species","L.","Cornaceae","Cornus","Accepted","FUZZY"
"Coronilla","Coronilla","wfo-4000009355","genus","L.","Fabaceae","Coronilla","Accepted","MATCH"
"Coronilla scorpioides","Coronilla scorpioides","wfo-0000205285","species","(L.) Koch","Fabaceae","Coronilla","Accepted","MATCH"
"Coronilla vaginalis","Coronilla vaginalis","wfo-0000213690","species","Lam.","Fabaceae","Coronilla","Accepted","MATCH"
"Coronilla varia","Coronilla varia","wfo-0000213691","species","L.","Fabaceae","Coronilla","Accepted","MATCH"
"Coronopus","Heliophila","wfo-4000017258","genus","Burm.f.","Brassicaceae","Heliophila","Accepted","MATCH"
"Coronopus didymus","Lepidium didymum","wfo-0000358253","species","L.","Brassicaceae","Lepidium","Accepted","MATCH"
"Corrigiola litoralis","Corrigiola litoralis","wfo-0001291438","species","L.","Caryophyllaceae","Corrigiola","Accepted","MATCH"
"Corrigiola littoralis","Corrigiola litoralis","wfo-0001291438","species","L.","Caryophyllaceae","Corrigiola","Accepted","FUZZY"
"Corylus","Corylus","wfo-4000009390","genus","L.","Betulaceae","Corylus","Accepted","MATCH"
"Corylus avellana","Corylus avellana","wfo-0000925259","species","L.","Betulaceae","Corylus","Accepted","MATCH"
"Cosmos","Cosmos","wfo-4000009452","genus","Cav.","Asteraceae","Cosmos","Accepted","MATCH"
"Cosmos bipinnatus","Cosmos bipinnatus","wfo-0000066682","species","Cav.","Asteraceae","Cosmos","Accepted","MATCH"
"Cota altissima","Cota altissima","wfo-0000086301","species","(L.) J.Gay","Asteraceae","Cota","Accepted","MATCH"
"Cota austriaca","Cota austriaca","wfo-0000043827","species","(Jacq.) Sch.Bip.","Asteraceae","Cota","Accepted","MATCH"
"Cota segetalis","Cota segetalis","wfo-0000041809","species","(Ten.) Holub","Asteraceae","Cota","Accepted","MATCH"
"Cota tinctoria","Cota tinctoria","wfo-0000076814","species","(L.) J.Gay","Asteraceae","Cota","Accepted","MATCH"
"Cota tinctoria australis","Cota tinctoria","wfo-0000076814","species","(L.) J.Gay","Asteraceae","Cota","Accepted","FUZZY"
"Crambe abyssinica","Crambe hispanica subsp. abyssinica","wfo-0000624583","subspecies","(Hochst. ex R.E.Fr.) A.Prina","Brassicaceae","Crambe","Accepted","MATCH"
"Crambe hispanica abyssinica","Crambe hispanica","wfo-0000624582","species","L.","Brassicaceae","Crambe","Accepted","FUZZY"
"Crassula tillaea","Crassula tillaea","wfo-0000625566","species","Lest.-Garl.","Crassulaceae","Crassula","Accepted","MATCH"
"Crataegus","Crataegus","wfo-4000009592","genus","L.","Rosaceae","Crataegus","Accepted","MATCH"
"Crataegus laevigata","Crataegus laevigata","wfo-0001009174","species","(Poir.) DC.","Rosaceae","Crataegus","Accepted","MATCH"
"Crataegus monogyna","Crataegus monogyna","wfo-0001009785","species","Jacq.","Rosaceae","Crataegus","Accepted","MATCH"
"Crataegus x subsphaerica","Crataegus kyrtostyla var. domicensis","wfo-0001409387","variety","(Hrabětová) K.I.Chr.","Rosaceae","Crataegus","Accepted","FUZZY"
"Crategus monogyna","Crataegus monogyna","wfo-0001009785","species","Jacq.","Rosaceae","Crataegus","Accepted","FUZZY"
"Crepis","Crepis","wfo-4000009682","genus","L.","Asteraceae","Crepis","Accepted","MATCH"
"Crepis bellidifolia","Crepis bellidifolia","wfo-0000070882","species","Loisel.","Asteraceae","Crepis","Accepted","MATCH"
"Crepis bienis","Crepis biennis","wfo-0000106204","species","L.","Asteraceae","Crepis","Accepted","FUZZY"
"Crepis biennis","Crepis biennis","wfo-0000106204","species","L.","Asteraceae","Crepis","Accepted","MATCH"
"Crepis bursifolia","Crepis bursifolia","wfo-0000089236","species","L.","Asteraceae","Crepis","Accepted","MATCH"
"Crepis capillaris","Crepis capillaris","wfo-0000030643","species","(L.) Wallr.","Asteraceae","Crepis","Accepted","MATCH"
"Crepis capillaris capillaris","Crepis capillaris","wfo-0000030643","species","(L.) Wallr.","Asteraceae","Crepis","Accepted","FUZZY"
"Crepis foetida","Crepis foetida","wfo-0000004762","species","L.","Asteraceae","Crepis","Accepted","MATCH"
"Crepis foetida foetida","Crepis foetida subsp. foetida","wfo-0000098510","subspecies","","Asteraceae","Crepis","Accepted","FUZZY"
"Crepis foetida rhoeadifolia","Crepis foetida","wfo-0000004762","species","L.","Asteraceae","Crepis","Accepted","FUZZY"
"Crepis leontodontoides","Crepis leontodontoides","wfo-0000010823","species","All.","Asteraceae","Crepis","Accepted","MATCH"
"Crepis micrantha","Crepis micrantha","wfo-0000096189","species","Czerep.","Asteraceae","Crepis","Accepted","MATCH"
"Crepis mollis","Crepis mollis","wfo-0000000138","species","(Jacq.) Asch.","Asteraceae","Crepis","Accepted","MATCH"
"Crepis neglecta","Crepis neglecta","wfo-0000085155","species","L.","Asteraceae","Crepis","Accepted","MATCH"
"Crepis neglecta corymbosa","Crepis neglecta","wfo-0000085155","species","L.","Asteraceae","Crepis","Accepted","FUZZY"
"Crepis pulchra","Crepis pulchra","wfo-0000120735","species","L.","Asteraceae","Crepis","Accepted","MATCH"
"Crepis pygmaea","Crepis pygmaea","wfo-0000113946","species","L.","Asteraceae","Crepis","Accepted","MATCH"
"Crepis rhoeadifolia","Crepis foetida subsp. rhoeadifolia","wfo-0000108143","subspecies","(M.Bieb.) Čelak.","Asteraceae","Crepis","Accepted","MATCH"
"Crepis rubra","Crepis rubra","wfo-0000021679","species","L.","Asteraceae","Crepis","Accepted","MATCH"
"Crepis sancta","Crepis sancta","wfo-1200009702","species","(L.) Bornm.","Asteraceae","Crepis","Accepted","MATCH"
"Crepis sancta nemausensis","Crepis sancta","wfo-1200009702","species","(L.) Bornm.","Asteraceae","Crepis","Accepted","FUZZY"
"Crepis setosa","Crepis setosa","wfo-0000085139","species","Haller f.","Asteraceae","Crepis","Accepted","MATCH"
"Crepis taraxacifolia","Crepis vesicaria","wfo-0000043912","species","L.","Asteraceae","Crepis","Accepted","MATCH"
"Crepis tectorum","Crepis tectorum","wfo-0000072011","species","L.","Asteraceae","Crepis","Accepted","MATCH"
"Crepis vesicaria","Crepis vesicaria","wfo-0000043912","species","L.","Asteraceae","Crepis","Accepted","MATCH"
"Crepis vesicaria taraxacifolia","Crepis vesicaria","wfo-0000043912","species","L.","Asteraceae","Crepis","Accepted","FUZZY"
"Cruciata","Cruciata","wfo-4000009803","genus","Mill.","Rubiaceae","Cruciata","Accepted","MATCH"
"Cruciata glabra","Cruciata glabra","wfo-0000932943","species","(L.) Opiz","Rubiaceae","Cruciata","Accepted","MATCH"
"Cruciata laevipes","Cruciata laevipes","wfo-0000932960","species","Opiz","Rubiaceae","Cruciata","Accepted","MATCH"
"Cruciata laevipes opiz","Cruciata laevipes","wfo-0000932960","species","Opiz","Rubiaceae","Cruciata","Accepted","FUZZY"
"Cucubalus baccifer","Silene baccifera","wfo-0000438916","species","Roth","Caryophyllaceae","Silene","Accepted","MATCH"
"Cucurbita","Cucurbita","wfo-4000010008","genus","L.","Cucurbitaceae","Cucurbita","Accepted","MATCH"
"Cucurbita pepo","Cucurbita pepo","wfo-0000629123","species","L.","Cucurbitaceae","Cucurbita","Accepted","MATCH"
"Cullen americanum","Cullen americanum","wfo-0000212418","species","(L.) Rydb.","Fabaceae","Cullen","Accepted","MATCH"
"Cupressus","Cupressus","wfo-4000010075","genus","L.","Cupressaceae","Cupressus","Accepted","MATCH"
"Cuscuta","Cuscuta","wfo-4000010113","genus","L.","Convolvulaceae","Cuscuta","Accepted","MATCH"
"Cuscuta campestris","Cuscuta campestris","wfo-0001297200","species","Yunck.","Convolvulaceae","Cuscuta","Accepted","MATCH"
"Cuscuta epilinum","Cuscuta epilinum","wfo-0001297210","species","Weihe","Convolvulaceae","Cuscuta","Accepted","MATCH"
"Cuscuta monogyna","Cuscuta monogyna","wfo-0001298472","species","Vahl","Convolvulaceae","Cuscuta","Accepted","MATCH"
"Cyanus depressus","Centaurea depressa","wfo-0000008112","species","M.Bieb.","Asteraceae","Centaurea","Accepted","MATCH"
"Cyanus segetum","Centaurea cyanus","wfo-0000008997","species","L.","Asteraceae","Centaurea","Accepted","MATCH"
"Cydonia oblonga","Cydonia oblonga","wfo-0001011708","species","Mill.","Rosaceae","Cydonia","Accepted","MATCH"
"Cymbalaria muralis","Cymbalaria muralis","wfo-0000632510","species","G.Gaertn., B.Mey. & Scherb.","Plantaginaceae","Cymbalaria","Accepted","MATCH"
"Cynanchum acutum","Cynanchum acutum","wfo-0000632748","species","L.","Apocynaceae","Cynanchum","Accepted","MATCH"
"Cynara","Cynara","wfo-4000010397","genus","L.","Asteraceae","Cynara","Accepted","MATCH"
"Cynara cardunculus","Cynara cardunculus","wfo-0000013358","species","L.","Asteraceae","Cynara","Accepted","MATCH"
"Cynara scolymus","Cynara scolymus","wfo-0000131895","species","L.","Asteraceae","Cynara","Accepted","MATCH"
"Cynodon","Cynodon","wfo-4000010411","genus","Rich.","Poaceae","Cynodon","Accepted","MATCH"
"Cynodon dactylon","Cynodon dactylon","wfo-0000861178","species","(L.) Pers.","Poaceae","Cynodon","Accepted","MATCH"
"Cynodon dactylon affinis","Cynodon dactylon","wfo-0000861178","species","(L.) Pers.","Poaceae","Cynodon","Accepted","FUZZY"
"Cynoglossum cheirifolium","Pardoglossum cheirifolium","wfo-0000397293","species","(L.) Barbier & Mathez","Boraginaceae","Pardoglossum","Accepted","MATCH"
"Cynoglossum creticum","Cynoglossum creticum","wfo-0000633973","species","Mill.","Boraginaceae","Cynoglossum","Accepted","MATCH"
"Cynoglossum officinale","Cynoglossum officinale","wfo-0000634152","species","L.","Boraginaceae","Cynoglossum","Accepted","MATCH"
"Cynoglosum officinale","Cynoglossum officinale","wfo-0000634152","species","L.","Boraginaceae","Cynoglossum","Accepted","FUZZY"
"Cynosurus cristatus","Cynosurus cristatus","wfo-0000861316","species","L.","Poaceae","Cynosurus","Accepted","MATCH"
"Cynosurus echinatus","Cynosurus echinatus","wfo-0000861333","species","L.","Poaceae","Cynosurus","Accepted","MATCH"
"Cyperus","Cyperus","wfo-4000010449","genus","L.","Cyperaceae","Cyperus","Accepted","MATCH"
"Cyperus difformis","Cyperus difformis","wfo-0000371697","species","L.","Cyperaceae","Cyperus","Accepted","MATCH"
"Cyperus egagrostis","Cyperus eragrostis","wfo-0000372740","species","Lam.","Cyperaceae","Cyperus","Accepted","FUZZY"
"Cyperus eragrostis","Cyperus eragrostis","wfo-0000372740","species","Lam.","Cyperaceae","Cyperus","Accepted","MATCH"
"Cyperus esculentus","Cyperus esculentus","wfo-0000372964","species","L.","Cyperaceae","Cyperus","Accepted","MATCH"
"Cyperus flavidus","Cyperus flavidus","wfo-0000373599","species","Retz.","Cyperaceae","Cyperus","Accepted","MATCH"
"Cyperus fuscus","Cyperus fuscus","wfo-0000373976","species","L.","Cyperaceae","Cyperus","Accepted","MATCH"
"Cyperus longus","Cyperus longus","wfo-0000377196","species","L.","Cyperaceae","Cyperus","Accepted","MATCH"
"Cyperus rotundus","Cyperus rotundus","wfo-0000381487","species","L.","Cyperaceae","Cyperus","Accepted","MATCH"
"Cytisus scoparius","Cytisus scoparius","wfo-0000213711","species","(L.) Link","Fabaceae","Cytisus","Accepted","MATCH"
"Dactylis","Dactylis","wfo-4000010628","genus","L.","Poaceae","Dactylis","Accepted","MATCH"
"Dactylis glomerata","Dactylis glomerata","wfo-0000861498","species","L.","Poaceae","Dactylis","Accepted","MATCH"
"Dactylis glomerata glomerata","Dactylis glomerata","wfo-0000861498","species","L.","Poaceae","Dactylis","Accepted","FUZZY"
"Dactylis glomerata glomerata x glomerata lobata","Dactylis glomerata","wfo-0000861498","species","L.","Poaceae","Dactylis","Accepted","FUZZY"
"Dactylis glomerata lobata","Dactylis glomerata","wfo-0000861498","species","L.","Poaceae","Dactylis","Accepted","FUZZY"
"Dactylis glomerata oceanica","Dactylis glomerata","wfo-0000861498","species","L.","Poaceae","Dactylis","Accepted","FUZZY"
"Dasypyrum villosum","Dasypyrum villosum","wfo-0000862262","species","(L.) Borbás","Poaceae","Dasypyrum","Accepted","MATCH"
"Datura stramonium","Datura stramonium","wfo-0001021374","species","L.","Solanaceae","Datura","Accepted","MATCH"
"Daucus","Daucus","wfo-4000010858","genus","L.","Apiaceae","Daucus","Accepted","MATCH"
"Daucus carota","Daucus carota","wfo-0000638442","species","L.","Apiaceae","Daucus","Accepted","MATCH"
"Daucus carota carota","Daucus carota","wfo-0000638442","species","L.","Apiaceae","Daucus","Accepted","FUZZY"
"Daucus carotta","Daucus carota","wfo-0000638442","species","L.","Apiaceae","Daucus","Accepted","FUZZY"
"Daucus crinitus","Daucus crinitus","wfo-0000638478","species","Desf.","Apiaceae","Daucus","Accepted","MATCH"
"Delphinium","Delphinium","wfo-4000011022","genus","L.","Ranunculaceae","Delphinium","Accepted","MATCH"
"Delphinium ajacis","Delphinium ajacis","wfo-0000639671","species","L.","Ranunculaceae","Delphinium","Accepted","MATCH"
"Delphinium consolida","Delphinium consolida","wfo-0000639920","species","L.","Ranunculaceae","Delphinium","Accepted","MATCH"
"Delphinium consolida consolida","Delphinium consolida","wfo-0000639920","species","L.","Ranunculaceae","Delphinium","Accepted","FUZZY"
"Delphinium halteratum","Delphinium halteratum","wfo-0000640165","species","Sm.","Ranunculaceae","Delphinium","Accepted","MATCH"
"Delphinium orientale","Delphinium ajacis","wfo-0000639671","species","L.","Ranunculaceae","Delphinium","Accepted","MATCH"
"Delphinium pubescens","Delphinium pubescens","wfo-0000640612","species","DC.","Ranunculaceae","Delphinium","Accepted","MATCH"
"Delphinium verdunense","Delphinium verdunense","wfo-0000640893","species","Balb.","Ranunculaceae","Delphinium","Accepted","MATCH"
"Deschampsia cespitosa","Deschampsia cespitosa","wfo-0000862467","species","(L.) P.Beauv.","Poaceae","Deschampsia","Accepted","MATCH"
"Deschampsia cespitosa cespitosa","Deschampsia cespitosa","wfo-0000862467","species","(L.) P.Beauv.","Poaceae","Deschampsia","Accepted","FUZZY"
"Descurainia sophia","Descurainia sophia","wfo-0000641996","species","(L.) Webb ex Prantl","Brassicaceae","Descurainia","Accepted","MATCH"
"Dianthus","Dianthus","wfo-4000011319","genus","L.","Caryophyllaceae","Dianthus","Accepted","MATCH"
"Dianthus armeria","Dianthus armeria","wfo-0000643086","species","L.","Caryophyllaceae","Dianthus","Accepted","MATCH"
"Dianthus carthusianorum","Dianthus carthusianorum","wfo-0000643249","species","L.","Caryophyllaceae","Dianthus","Accepted","MATCH"
"Dianthus carthusianorum carthusianorum","Dianthus carthusianorum","wfo-0000643249","species","L.","Caryophyllaceae","Dianthus","Accepted","FUZZY"
"Dianthus caryophyllus","Dianthus caryophyllus","wfo-0000643278","species","L.","Caryophyllaceae","Dianthus","Accepted","MATCH"
"Dianthus deltoides","Dianthus deltoides","wfo-0000643427","species","L.","Caryophyllaceae","Dianthus","Accepted","MATCH"
"Dichanthium ischaemum","Bothriochloa ischaemum","wfo-0000853799","species","(L.) Keng","Poaceae","Bothriochloa","Accepted","MATCH"
"Digitalis","Digitalis","wfo-4000011699","genus","Tourn. ex L.","Plantaginaceae","Digitalis","Accepted","MATCH"
"Digitalis grandiflora","Digitalis grandiflora","wfo-0000647308","species","Mill.","Plantaginaceae","Digitalis","Accepted","MATCH"
"Digitalis purpurea","Digitalis purpurea","wfo-0000647394","species","L.","Plantaginaceae","Digitalis","Accepted","MATCH"
"Digitaria","Digitaria","wfo-4000011700","genus","Haller","Poaceae","Digitaria","Accepted","MATCH"
"Digitaria ischaemum","Digitaria ischaemum","wfo-0000864055","species","(Schreb.) Muhl.","Poaceae","Digitaria","Accepted","MATCH"
"Digitaria sanguinalis","Digitaria sanguinalis","wfo-0000864353","species","(L.) Scop.","Poaceae","Digitaria","Accepted","MATCH"
"Dimorphotheca sinuata","Dimorphotheca sinuata","wfo-0000040105","species","DC.","Asteraceae","Dimorphotheca","Accepted","MATCH"
"Dioscorea communis","Dioscorea communis","wfo-0000389997","species","(L.) Caddick & Wilkin","Dioscoreaceae","Dioscorea","Accepted","MATCH"
"Diplotaxis","Diplotaxis","wfo-4000012047","genus","DC.","Brassicaceae","Diplotaxis","Accepted","MATCH"
"Diplotaxis erucoides","Diplotaxis erucoides","wfo-0000650432","species","(L.) DC.","Brassicaceae","Diplotaxis","Accepted","MATCH"
"Diplotaxis muralis","Diplotaxis muralis","wfo-0000650478","species","DC.","Brassicaceae","Diplotaxis","Accepted","MATCH"
"Diplotaxis tenuifolia","Diplotaxis tenuifolia","wfo-0000650524","species","(L.) DC.","Brassicaceae","Diplotaxis","Accepted","MATCH"
"Diplotaxis viminea","Diplotaxis viminea","wfo-0000650542","species","DC.","Brassicaceae","Diplotaxis","Accepted","MATCH"
"Diplotaxis virgata","Diplotaxis virgata","wfo-0000650546","species","(Cav.) DC.","Brassicaceae","Diplotaxis","Accepted","MATCH"
"Dipsacum fullonum","Dipsacus fullonum","wfo-0000651022","species","L.","Caprifoliaceae","Dipsacus","Accepted","FUZZY"
"Dipsacus","Dipsacus","wfo-4000012069","genus","L.","Caprifoliaceae","Dipsacus","Accepted","MATCH"
"Dipsacus fullonum","Dipsacus fullonum","wfo-0000651022","species","L.","Caprifoliaceae","Dipsacus","Accepted","MATCH"
"Dipsacus sativus","Dipsacus sativus","wfo-0000651056","species","(L.) Honck.","Caprifoliaceae","Dipsacus","Accepted","MATCH"
"Dittrichia graveolens","Dittrichia graveolens","wfo-0000003319","species","(L.) Greuter","Asteraceae","Dittrichia","Accepted","MATCH"
"Dittrichia viscosa","Dittrichia viscosa","wfo-0000059214","species","(L.) Greuter","Asteraceae","Dittrichia","Accepted","MATCH"
"Doricnium pethapillum","Lotus","wfo-4000022302","genus","L.","Fabaceae","Lotus","Accepted","FUZZY"
"Dorycnium hirsutum","Lotus hirsutus","wfo-0000212135","species","L.","Fabaceae","Lotus","Accepted","MATCH"
"Dorycnium pentaphyllum","Lotus dorycnium","wfo-0000209346","species","L.","Fabaceae","Lotus","Accepted","MATCH"
"Dorycnium rectum","Lotus rectus","wfo-0000212142","species","L.","Fabaceae","Lotus","Accepted","MATCH"
"Draba","Draba","wfo-4000012494","genus","L.","Brassicaceae","Draba","Accepted","MATCH"
"Draba verna","Draba verna","wfo-0000656282","species","L.","Brassicaceae","Draba","Accepted","MATCH"
"Draba verna verna","Draba verna","wfo-0000656282","species","L.","Brassicaceae","Draba","Accepted","FUZZY"
"Dryopteris","Dryopteris","wfo-4000012657","genus","Adans.","Dryopteridaceae","Dryopteris","Accepted","MATCH"
"Dryopteris filix-mas","Dryopteris filix-mas","wfo-0001109081","species","(L.) Schott","Dryopteridaceae","Dryopteris","Accepted","MATCH"
"Duchesnea indica","Potentilla indica","wfo-0000984000","species","(Andrews) Th.Wolf","Rosaceae","Potentilla","Accepted","MATCH"
"Dysphania ambrosioides","Dysphania ambrosioides","wfo-0000658867","species","(L.) Mosyakin & Clemants","Chenopodiaceae","Dysphania","Accepted","MATCH"
"Dysphania aristata","Teloxys aristata","wfo-0000407046","species","(L.) Moq.","Chenopodiaceae","Teloxys","Accepted","MATCH"
"Ecballium elaterium","Ecballium elaterium","wfo-0000659225","species","(L.) A.Rich.","Cucurbitaceae","Ecballium","Accepted","MATCH"
"Echinaria capitata","Echinaria capitata","wfo-0000865205","species","(L.) Desf.","Poaceae","Echinaria","Accepted","MATCH"
"Echinochloa","Echinochloa","wfo-4000012916","genus","P.Beauv.","Poaceae","Echinochloa","Accepted","MATCH"
"Echinochloa colona","Echinochloa colona","wfo-0000865220","species","(L.) Link","Poaceae","Echinochloa","Accepted","MATCH"
"Echinochloa colonum","Echinochloa colona","wfo-0000865220","species","(L.) Link","Poaceae","Echinochloa","Accepted","FUZZY"
"Echinochloa crus galli","Echinochloa crus-galli","wfo-0000865236","species","(L.) P.Beauv.","Poaceae","Echinochloa","Accepted","FUZZY"
"Echinochloa crus-galli","Echinochloa crus-galli","wfo-0000865236","species","(L.) P.Beauv.","Poaceae","Echinochloa","Accepted","MATCH"
"Echinochloa eruciformis","Moorochloa eruciformis","wfo-0000880563","species","(Sm.) Veldkamp","Poaceae","Moorochloa","Accepted","MATCH"
"Echinops ritro","Echinops ritro","wfo-0000016873","species","L.","Asteraceae","Echinops","Accepted","MATCH"
"Echium","Echium","wfo-4000012976","genus","L.","Boraginaceae","Echium","Accepted","MATCH"
"Echium arenarium","Echium arenarium","wfo-0000662682","species","Guss.","Boraginaceae","Echium","Accepted","MATCH"
"Echium asperrimum","Echium asperrimum","wfo-0000662689","species","Lam.","Boraginaceae","Echium","Accepted","MATCH"
"Echium italicum","Echium italicum","wfo-0000662857","species","L.","Boraginaceae","Echium","Accepted","MATCH"
"Echium plantagineum","Echium plantagineum","wfo-0000662991","species","L.","Boraginaceae","Echium","Accepted","MATCH"
"Echium vulgare","Echium vulgare","wfo-0000663145","species","L.","Boraginaceae","Echium","Accepted","MATCH"
"Elaeagnus angustifolia","Elaeagnus angustifolia","wfo-0000663664","species","L.","Elaeagnaceae","Elaeagnus","Accepted","MATCH"
"Eleocharis palustris","Eleocharis palustris","wfo-0000405590","species","(L.) Roem. & Schult.","Cyperaceae","Eleocharis","Accepted","MATCH"
"Eleusine indica","Eleusine indica","wfo-0000865718","species","(L.) Gaertn.","Poaceae","Eleusine","Accepted","MATCH"
"Elymus","Elymus","wfo-4000013270","genus","L.","Poaceae","Elymus","Accepted","MATCH"
"Elymus caninus","Elymus caninus","wfo-0000866095","species","(L.) L.","Poaceae","Elymus","Accepted","MATCH"
"Elymus elongatus","Thinopyrum elongatum","wfo-0000903616","species","(Host) D.R.Dewey","Poaceae","Thinopyrum","Accepted","MATCH"
"Elymus hispidus","Thinopyrum intermedium subsp. intermedium","wfo-0001427458","subspecies","","Poaceae","Thinopyrum","Accepted","MATCH"
"Elymus pungens","Elymus pungens","wfo-0000866622","species","(Pers.) Melderis","Poaceae","Elymus","Accepted","MATCH"
"Elymus repens","Elymus repens","wfo-0000866643","species","(L.) Gould","Poaceae","Elymus","Accepted","MATCH"
"Elymus trachycaulus","Elymus violaceus","wfo-0000866848","species","(Hornem.) J.Feilberg","Poaceae","Elymus","Accepted","MATCH"
"Elytrigia","Elymus","wfo-4000013270","genus","L.","Poaceae","Elymus","Accepted","MATCH"
"Elytrigia campestre","Elymus pungens subsp. campestris","wfo-0001364467","subspecies","(Godr. & Gren.) Melderis","Poaceae","Elymus","Accepted","FUZZY"
"Elytrigia campestris","Elymus pungens subsp. campestris","wfo-0001364467","subspecies","(Godr. & Gren.) Melderis","Poaceae","Elymus","Accepted","MATCH"
"Elytrigia campestris x repens","Elymus pungens subsp. campestris","wfo-0001364467","subspecies","(Godr. & Gren.) Melderis","Poaceae","Elymus","Accepted","FUZZY"
"Elytrigia intermedia","Thinopyrum intermedium","wfo-0000903619","species","(Host) Barkworth & D.R.Dewey","Poaceae","Thinopyrum","Accepted","MATCH"
"Elytrigia intermedia intermedia","Thinopyrum intermedium","wfo-0000903619","species","(Host) Barkworth & D.R.Dewey","Poaceae","Thinopyrum","Accepted","FUZZY"
"Elytrigia intermedia trichophora","Thinopyrum intermedium","wfo-0000903619","species","(Host) Barkworth & D.R.Dewey","Poaceae","Thinopyrum","Accepted","FUZZY"
"Elytrigia juncea","Thinopyrum junceum","wfo-0000903622","species","(L.) Á.Löve","Poaceae","Thinopyrum","Accepted","MATCH"
"Elytrigia repens","Elymus repens","wfo-0000866643","species","(L.) Gould","Poaceae","Elymus","Accepted","MATCH"
"Elytrigia repens repens","Elymus repens","wfo-0000866643","species","(L.) Gould","Poaceae","Elymus","Accepted","FUZZY"
"Ephippiger perforatus",NA,"",NA,NA,NA,NA,NA,"NOT FOUND"
"Epibolium angustifolium","Epilobium angustifolium","wfo-0000668750","species","L.","Onagraceae","Epilobium","Accepted","FUZZY"
"Epilobium","Epilobium","wfo-4000013609","genus","L.","Onagraceae","Epilobium","Accepted","MATCH"
"Epilobium angustifolium","Epilobium angustifolium","wfo-0000668750","species","L.","Onagraceae","Epilobium","Accepted","MATCH"
"Epilobium ciliatum","Epilobium ciliatum","wfo-0000668926","species","Raf.","Onagraceae","Epilobium","Accepted","MATCH"
"Epilobium collinum","Epilobium collinum","wfo-0000668945","species","C.C.Gmel.","Onagraceae","Epilobium","Accepted","MATCH"
"Epilobium dodonaei fleischeri","Epilobium dodonaei","wfo-0000669021","species","Vill.","Onagraceae","Epilobium","Accepted","FUZZY"
"Epilobium hirsutum","Epilobium hirsutum","wfo-0000669196","species","L.","Onagraceae","Epilobium","Accepted","MATCH"
"Epilobium lanceolatum","Epilobium lanceolatum","wfo-0000669295","species","Sebast. & Mauri","Onagraceae","Epilobium","Accepted","MATCH"
"Epilobium montanum","Epilobium montanum","wfo-0000669421","species","L.","Onagraceae","Epilobium","Accepted","MATCH"
"Epilobium obscurum","Epilobium obscurum","wfo-0000669496","species","Schreb.","Onagraceae","Epilobium","Accepted","MATCH"
"Epilobium palustre","Epilobium palustre","wfo-0000669541","species","L.","Onagraceae","Epilobium","Accepted","MATCH"
"Epilobium parviflorum","Epilobium parviflorum","wfo-0000669577","species","(Schreb.) Schreb.","Onagraceae","Epilobium","Accepted","MATCH"
"Epilobium roseum","Epilobium roseum","wfo-0000669712","species","(Schreb.) Schreb.","Onagraceae","Epilobium","Accepted","MATCH"
"Epilobium tetragonum","Epilobium tetragonum","wfo-0000669847","species","L.","Onagraceae","Epilobium","Accepted","MATCH"
"Epilobium tetragonum lamyi","Epilobium tetragonum","wfo-0000669847","species","L.","Onagraceae","Epilobium","Accepted","FUZZY"
"Epilobium tetragonum tetragonum","Epilobium tetragonum","wfo-0000669847","species","L.","Onagraceae","Epilobium","Accepted","FUZZY"
"Epilobium x intersitum","Epilobium × intersitum","wfo-0000669240","species","Hausskn.","Onagraceae","Epilobium","Accepted","FUZZY"
"Epipactis","Epipactis","wfo-4000013619","genus","Zinn","Orchidaceae","Epipactis","Accepted","MATCH"
"Epipactis helleborine","Epipactis helleborine","wfo-0000952061","species","(L.) Crantz","Orchidaceae","Epipactis","Accepted","MATCH"
"Equisetum","Equisetum","wfo-4000013663","genus","L.","Equisetaceae","Equisetum","Accepted","MATCH"
"Equisetum arvense","Equisetum arvense","wfo-0001108914","species","L.","Equisetaceae","Equisetum","Accepted","MATCH"
"Equisetum palustre","Equisetum palustre","wfo-0001108921","species","L.","Equisetaceae","Equisetum","Accepted","MATCH"
"Equisetum pratense","Equisetum pratense","wfo-0001108922","species","Ehrh.","Equisetaceae","Equisetum","Accepted","MATCH"
"Equisetum ramosissimum","Equisetum ramosissimum","wfo-0001107314","species","Desf.","Equisetaceae","Equisetum","Accepted","MATCH"
"Equisetum ramosissimum ramosissimum","Equisetum ramosissimum","wfo-0001107314","species","Desf.","Equisetaceae","Equisetum","Accepted","FUZZY"
"Equisetum sylvaticum","Equisetum sylvaticum","wfo-0001108924","species","L.","Equisetaceae","Equisetum","Accepted","MATCH"
"Equisetum telmateia","Equisetum telmateia","wfo-0001108925","species","Ehrh.","Equisetaceae","Equisetum","Accepted","MATCH"
"Eragrostis barrelieri","Eragrostis barrelieri","wfo-0000867414","species","Daveau","Poaceae","Eragrostis","Accepted","MATCH"
"Eragrostis cilianensis","Eragrostis cilianensis","wfo-0000867548","species","(All.) Vignolo ex Janch.","Poaceae","Eragrostis","Accepted","MATCH"
"Eragrostis minor","Eragrostis minor","wfo-0000868064","species","Host","Poaceae","Eragrostis","Accepted","MATCH"
"Eragrostis pilosa","Eragrostis pilosa","wfo-0000868222","species","(L.) P.Beauv.","Poaceae","Eragrostis","Accepted","MATCH"
"Erigeron","Erigeron","wfo-4000013785","genus","L.","Asteraceae","Erigeron","Accepted","MATCH"
"Erigeron acer","Erigeron acer","wfo-0000014783","species","L.","Asteraceae","Erigeron","Accepted","MATCH"
"Erigeron acris","Erigeron acris","wfo-0000085388","species","L.","Asteraceae","Erigeron","Accepted","MATCH"
"Erigeron annuus","Erigeron annuus","wfo-0000075998","species","(L.) Desf.","Asteraceae","Erigeron","Accepted","MATCH"
"Erigeron annuus annuus","Erigeron annuus f. annuus","wfo-0000113364","form","","Asteraceae","Erigeron","Unchecked","FUZZY"
"Erigeron annuus strigosus","Erigeron annuus","wfo-0000075998","species","(L.) Desf.","Asteraceae","Erigeron","Accepted","FUZZY"
"Erigeron bonariensis","Erigeron bonariensis","wfo-0000075344","species","L.","Asteraceae","Erigeron","Accepted","MATCH"
"Erigeron canadensis","Erigeron canadensis","wfo-0000015917","species","L.","Asteraceae","Erigeron","Accepted","MATCH"
"Erigeron canadensis x sumatrensis","Erigeron canadensis","wfo-0000015917","species","L.","Asteraceae","Erigeron","Accepted","FUZZY"
"Erigeron floribundus","Erigeron floribundus","wfo-0000021259","species","(Kunth) Sch.Bip.","Asteraceae","Erigeron","Accepted","MATCH"
"Erigeron glabellus","Erigeron glabellus","wfo-0000022916","species","Nutt.","Asteraceae","Erigeron","Accepted","MATCH"
"Erigeron sumatrensis","Erigeron sumatrensis","wfo-0000087312","species","Retz.","Asteraceae","Erigeron","Accepted","MATCH"
"Erodium","Erodium","wfo-4000013926","genus","L'Hér.","Geraniaceae","Erodium","Accepted","MATCH"
"Erodium chium","Erodium chium","wfo-0000676788","species","Willd.","Geraniaceae","Erodium","Accepted","MATCH"
"Erodium ciconium","Erodium ciconium","wfo-0000676794","species","(L.) L'Hér.","Geraniaceae","Erodium","Accepted","MATCH"
"Erodium cicutarium","Erodium cicutarium","wfo-0000676799","species","(L.) L'Hér.","Geraniaceae","Erodium","Accepted","MATCH"
"Erodium cicutarium cicutarium","Erodium cicutarium","wfo-0000676799","species","(L.) L'Hér.","Geraniaceae","Erodium","Accepted","FUZZY"
"Erodium malacoides","Erodium malacoides","wfo-0000676957","species","(L.) L'Hér.","Geraniaceae","Erodium","Accepted","MATCH"
"Erodium moschatum","Erodium moschatum","wfo-0000676987","species","(Burm.f.) L'Hér.","Geraniaceae","Erodium","Accepted","MATCH"
"Erophila spathulata","Draba verna","wfo-0000656282","species","L.","Brassicaceae","Draba","Accepted","MATCH"
"Erophila verna","Draba verna","wfo-0000656282","species","L.","Brassicaceae","Draba","Accepted","MATCH"
"Erophila verna verna","Draba verna","wfo-0000656282","species","L.","Brassicaceae","Draba","Accepted","FUZZY"
"Eruca sativa","Eruca vesicaria subsp. sativa","wfo-0000677418","subspecies","(Mill.) Hegi","Brassicaceae","Eruca","Accepted","MATCH"
"Eruca vesicaria","Eruca vesicaria","wfo-0000677413","species","(L.) Cav.","Brassicaceae","Eruca","Accepted","MATCH"
"Erucastrum gallicum","Erucastrum gallicum","wfo-0000677501","species","(Willd.) O.E.Schulz","Brassicaceae","Erucastrum","Accepted","MATCH"
"Erucastrum nasturtiifolium","Erucastrum nasturtiifolium","wfo-0000677532","species","(Poir.) O.E.Schulz","Brassicaceae","Erucastrum","Accepted","MATCH"
"Ervilia articulata","Vicia articulata","wfo-0000212729","species","Hornem.","Fabaceae","Vicia","Accepted","MATCH"
"Ervilia hirsuta","Vicia hirsuta","wfo-0000212743","species","(L.) Gray","Fabaceae","Vicia","Accepted","MATCH"
"Ervilia sativa","Vicia ervilia","wfo-0000212738","species","(L.) Willd.","Fabaceae","Vicia","Accepted","MATCH"
"Ervum gracile","Vicia parviflora","wfo-0000186391","species","Cav.","Fabaceae","Vicia","Accepted","MATCH"
"Ervum pubescens","Vicia pubescens","wfo-0000212777","species","(DC.) Link","Fabaceae","Vicia","Accepted","MATCH"
"Ervum tetraspermum","Vicia pubescens","wfo-0000212777","species","(DC.) Link","Fabaceae","Vicia","Accepted","MATCH"
"Eryngium","Eryngium","wfo-4000013959","genus","L.","Apiaceae","Eryngium","Accepted","MATCH"
"Eryngium campestre","Eryngium campestre","wfo-0000677787","species","L.","Apiaceae","Eryngium","Accepted","MATCH"
"Eryngium maritimum","Eryngium maritimum","wfo-0000678057","species","L.","Apiaceae","Eryngium","Accepted","MATCH"
"Erysimum","Erysimum","wfo-4000013961","genus","L.","Brassicaceae","Erysimum","Accepted","MATCH"
"Erysimum cheiranthoides","Erysimum cheiranthoides","wfo-0000678580","species","L.","Brassicaceae","Erysimum","Accepted","MATCH"
"Erysimum cheiri","Erysimum × cheiri","wfo-0000678594","species","(L.) Crantz","Brassicaceae","Erysimum","Accepted","FUZZY"
"Erysimum incanum aurigeranum","Erysimum incanum","wfo-0000678837","species","Kunze","Brassicaceae","Erysimum","Accepted","FUZZY"
"Erysimum repandum","Erysimum repandum","wfo-0000679156","species","L.","Brassicaceae","Erysimum","Accepted","MATCH"
"Erysimum virgatum","Erysimum virgatum","wfo-0000679302","species","Roth","Brassicaceae","Erysimum","Accepted","MATCH"
"Eschscholzia californica","Eschscholzia californica","wfo-0000680430","species","Cham.","Papaveraceae","Eschscholzia","Accepted","MATCH"
"Euonymus","Euonymus","wfo-4000014199","genus","L.","Celastraceae","Euonymus","Accepted","MATCH"
"Euonymus europaeus","Euonymus europaeus","wfo-0000681728","species","L.","Celastraceae","Euonymus","Accepted","MATCH"
"Eupatorium cannabinum","Eupatorium cannabinum","wfo-0000035116","species","L.","Asteraceae","Eupatorium","Accepted","MATCH"
"Euphorbia","Euphorbia","wfo-4000014224","genus","L.","Euphorbiaceae","Euphorbia","Accepted","MATCH"
"Euphorbia amygdaloides","Euphorbia amygdaloides","wfo-0000960650","species","L.","Euphorbiaceae","Euphorbia","Accepted","MATCH"
"Euphorbia chamaesyce","Euphorbia chamaesyce","wfo-0000961329","species","L.","Euphorbiaceae","Euphorbia","Accepted","MATCH"
"Euphorbia characias","Euphorbia characias","wfo-0000961343","species","L.","Euphorbiaceae","Euphorbia","Accepted","MATCH"
"Euphorbia cyparissias","Euphorbia cyparissias","wfo-0000961626","species","L.","Euphorbiaceae","Euphorbia","Accepted","MATCH"
"Euphorbia esula","Euphorbia esula","wfo-0000961974","species","L.","Euphorbiaceae","Euphorbia","Accepted","MATCH"
"Euphorbia esula esula","Euphorbia esula subsp. esula","wfo-0000961980","subspecies","","Euphorbiaceae","Euphorbia","Accepted","FUZZY"
"Euphorbia esula tommasiniana","Euphorbia esula","wfo-0000961974","species","L.","Euphorbiaceae","Euphorbia","Accepted","FUZZY"
"Euphorbia exigua","Euphorbia exigua","wfo-0000962021","species","L.","Euphorbiaceae","Euphorbia","Accepted","MATCH"
"Euphorbia falcata","Euphorbia falcata","wfo-0000962039","species","L.","Euphorbiaceae","Euphorbia","Accepted","MATCH"
"Euphorbia falcata falcata","Euphorbia falcata","wfo-0000962039","species","L.","Euphorbiaceae","Euphorbia","Accepted","FUZZY"
"Euphorbia flavicoma","Euphorbia flavicoma","wfo-0000962106","species","DC.","Euphorbiaceae","Euphorbia","Accepted","MATCH"
"Euphorbia flavicoma verrucosa","Euphorbia flavicoma","wfo-0000962106","species","DC.","Euphorbiaceae","Euphorbia","Accepted","FUZZY"
"Euphorbia helioscopia","Euphorbia helioscopia","wfo-0000962471","species","L.","Euphorbiaceae","Euphorbia","Accepted","MATCH"
"Euphorbia helioscopia helioscopia","Euphorbia helioscopia","wfo-0000962471","species","L.","Euphorbiaceae","Euphorbia","Accepted","FUZZY"
"Euphorbia hirsuta","Euphorbia hirsuta","wfo-0000962564","species","L.","Euphorbiaceae","Euphorbia","Accepted","MATCH"
"Euphorbia humifusa","Euphorbia humifusa","wfo-0000962625","species","Willd.","Euphorbiaceae","Euphorbia","Accepted","MATCH"
"Euphorbia lathyris","Euphorbia lathyris","wfo-0000962968","species","L.","Euphorbiaceae","Euphorbia","Accepted","MATCH"
"Euphorbia maculata","Euphorbia maculata","wfo-0000963182","species","L.","Euphorbiaceae","Euphorbia","Accepted","MATCH"
"Euphorbia nicaeensis","Euphorbia nicaeensis","wfo-0000963568","species","All.","Euphorbiaceae","Euphorbia","Accepted","MATCH"
"Euphorbia nutans","Euphorbia nutans","wfo-0000963628","species","Lag.","Euphorbiaceae","Euphorbia","Accepted","MATCH"
"Euphorbia paralias x segetalis portlandica","Euphorbia paralias","wfo-0000963826","species","L.","Euphorbiaceae","Euphorbia","Accepted","FUZZY"
"Euphorbia peplis","Euphorbia peplis","wfo-1000054537","species","L.","Euphorbiaceae","Euphorbia","Accepted","MATCH"
"Euphorbia peplus","Euphorbia peplus","wfo-0000963920","species","L.","Euphorbiaceae","Euphorbia","Accepted","MATCH"
"Euphorbia platyphyllos","Euphorbia platyphyllos","wfo-0000964052","species","L.","Euphorbiaceae","Euphorbia","Accepted","MATCH"
"Euphorbia prostrata","Euphorbia prostrata","wfo-0000964195","species","Aiton","Euphorbiaceae","Euphorbia","Accepted","MATCH"
"Euphorbia segetalis","Euphorbia segetalis","wfo-0000964645","species","L.","Euphorbiaceae","Euphorbia","Accepted","MATCH"
"Euphorbia serrata","Euphorbia serrata","wfo-0000964719","species","L.","Euphorbiaceae","Euphorbia","Accepted","MATCH"
"Euphorbia stricta","Euphorbia stricta","wfo-0000964914","species","L.","Euphorbiaceae","Euphorbia","Accepted","MATCH"
"Euphorbia sulcata","Euphorbia sulcata","wfo-0000964960","species","De Lens ex Loizel.","Euphorbiaceae","Euphorbia","Accepted","MATCH"
"Euphorbia taurinensis","Euphorbia taurinensis","wfo-0000965034","species","All.","Euphorbiaceae","Euphorbia","Accepted","MATCH"
"Euphorbia terracina","Euphorbia terracina","wfo-0000965062","species","L.","Euphorbiaceae","Euphorbia","Accepted","MATCH"
"Euphrasia","Euphrasia","wfo-4000014233","genus","L.","Orobanchaceae","Euphrasia","Accepted","MATCH"
"Euphrasia nemorosa","Euphrasia nemorosa","wfo-0001136770","species","(Pers.) Wettst.","Orobanchaceae","Euphrasia","Accepted","MATCH"
"Euphrasia officinalis","Euphrasia officinalis","wfo-0000682538","species","L.","Orobanchaceae","Euphrasia","Accepted","MATCH"
"Fabaceae","Fabaceae","wfo-7000000323","family","Lindl.","Fabaceae","","Accepted","MATCH"
"Fagopyrum esculentum","Fagopyrum esculentum","wfo-0000685460","species","Moench","Polygonaceae","Fagopyrum","Accepted","MATCH"
"Fagopyrum tataricum","Fagopyrum tataricum","wfo-0000685494","species","(L.) Gaertn.","Polygonaceae","Fagopyrum","Accepted","MATCH"
"Fagus","Fagus","wfo-4000014560","genus","L.","Fagaceae","Fagus","Accepted","MATCH"
"Fagus sylvatica","Fagus sylvatica","wfo-0000966507","species","L.","Fagaceae","Fagus","Accepted","MATCH"
"Falcaria vulgaris","Falcaria vulgaris","wfo-0000685760","species","Bernh.","Apiaceae","Falcaria","Accepted","MATCH"
"Fallopia","Fallopia","wfo-4000014581","genus","Adans.","Polygonaceae","Fallopia","Accepted","MATCH"
"Fallopia baldschuanica","Fallopia baldschuanica","wfo-0000685779","species","(Regel) Holub","Polygonaceae","Fallopia","Accepted","MATCH"
"Fallopia convolvulus","Fallopia convolvulus","wfo-0000685786","species","(L.) Á.Löve","Polygonaceae","Fallopia","Accepted","MATCH"
"Fallopia dumetorum","Fallopia dumetorum","wfo-0000685794","species","(L.) Holub","Polygonaceae","Fallopia","Accepted","MATCH"
"Fallopia japonica","Reynoutria japonica","wfo-0000406106","species","Houtt.","Polygonaceae","Reynoutria","Accepted","MATCH"
"Fatsia japonica","Fatsia japonica","wfo-0000966907","species","(Thunb.) Decne. & Planch.","Araliaceae","Fatsia","Accepted","MATCH"
"Festuca","Festuca","wfo-4000014703","genus","Tourn. ex L.","Poaceae","Festuca","Accepted","MATCH"
"Festuca ambigua","Festuca ambigua","wfo-0000869737","species","Le Gall","Poaceae","Festuca","Accepted","MATCH"
"Festuca arundinacea","Festuca rubra","wfo-0000871854","species","L.","Poaceae","Festuca","Accepted","MATCH"
"Festuca arundinacea arundinacea","Festuca rubra","wfo-0000871854","species","L.","Poaceae","Festuca","Accepted","FUZZY"
"Festuca arundinacea arundinacea x multiflorum","Festuca rubra","wfo-0000871854","species","L.","Poaceae","Festuca","Accepted","FUZZY"
"Festuca cinerea","Festuca cinerea","wfo-0000870109","species","Vill.","Poaceae","Festuca","Accepted","MATCH"
"Festuca filiformis","Festuca filiformis","wfo-0000870492","species","Pourr.","Poaceae","Festuca","Accepted","MATCH"
"Festuca heterophylla","Festuca heterophylla","wfo-0000870696","species","Lam.","Poaceae","Festuca","Accepted","MATCH"
"Festuca lemanii","Festuca lemanii","wfo-0000870909","species","T.Bastard","Poaceae","Festuca","Accepted","MATCH"
"Festuca myuros","Festuca myuros","wfo-0000871095","species","L.","Poaceae","Festuca","Accepted","MATCH"
"Festuca ovina","Festuca ovina","wfo-0000871222","species","L.","Poaceae","Festuca","Accepted","MATCH"
"Festuca ovina guestfalica","Festuca ovina","wfo-0000871222","species","L.","Poaceae","Festuca","Accepted","FUZZY"
"Festuca pratensis","Festuca ovina","wfo-0000871222","species","L.","Poaceae","Festuca","Accepted","MATCH"
"Festuca rubra","Festuca rubra","wfo-0000871854","species","L.","Poaceae","Festuca","Accepted","MATCH"
"Festuca rubra rubra","Festuca nevadensis","wfo-0000871127","species","(Hack.) Markgr.-Dann.","Poaceae","Festuca","Accepted","FUZZY"
"Festuca rupicola","Festuca rupicola","wfo-0000872004","species","Heuff.","Poaceae","Festuca","Accepted","MATCH"
"Festuca schedonorus","Festuca","wfo-4000014703","genus","Tourn. ex L.","Poaceae","Festuca","Accepted","FUZZY"
"Festuca valesiaca","Festuca valesiaca","wfo-0000872437","species","Schleich. ex Gaudin","Poaceae","Festuca","Accepted","MATCH"
"Ficaria verna","Ranunculus ficaria","wfo-0000460581","species","L.","Ranunculaceae","Ranunculus","Accepted","MATCH"
"Ficaria verna ficariiformis","Ranunculus ficaria","wfo-0000460581","species","L.","Ranunculaceae","Ranunculus","Accepted","FUZZY"
"Ficus carica","Ficus carica","wfo-0000687690","species","L.","Moraceae","Ficus","Accepted","MATCH"
"Filago","Filago","wfo-4000014745","genus","Loefl.","Asteraceae","Filago","Accepted","MATCH"
"Filago arvensis","Filago arvensis","wfo-0000124987","species","L.","Asteraceae","Filago","Accepted","MATCH"
"Filago eriocephala","Filago eriocephala","wfo-0000071604","species","Guss.","Asteraceae","Filago","Accepted","MATCH"
"Filago gallica","Filago gallica","wfo-0000017194","species","L.","Asteraceae","Filago","Accepted","MATCH"
"Filago germanica","Filago germanica","wfo-0000063706","species","(L.) Huds.","Asteraceae","Filago","Accepted","MATCH"
"Filago lutescens","Filago lutescens","wfo-0000114324","species","Jord.","Asteraceae","Filago","Accepted","MATCH"
"Filago minima","Filago minima","wfo-0000117694","species","(Sm.) Pers.","Asteraceae","Filago","Accepted","MATCH"
"Filago pyramidata","Filago pyramidata","wfo-0000035570","species","L.","Asteraceae","Filago","Accepted","MATCH"
"Filago vulgaris","Filago germanica","wfo-0000063706","species","(L.) Huds.","Asteraceae","Filago","Accepted","MATCH"
"Filipendula","Filipendula","wfo-4000014757","genus","Mill.","Rosaceae","Filipendula","Accepted","MATCH"
"Filipendula ulmaria","Filipendula ulmaria","wfo-0000983427","species","(L.) Maxim.","Rosaceae","Filipendula","Accepted","MATCH"
"Filipendula vulgaris","Filipendula vulgaris","wfo-0000999867","species","Moench","Rosaceae","Filipendula","Accepted","MATCH"
"Foeniculum vulgare","Foeniculum vulgare","wfo-0000691487","species","Mill.","Apiaceae","Foeniculum","Accepted","MATCH"
"Fragaria","Fragaria","wfo-4000014995","genus","L.","Rosaceae","Fragaria","Accepted","MATCH"
"Fragaria vesca","Fragaria vesca","wfo-0000993770","species","L.","Rosaceae","Fragaria","Accepted","MATCH"
"Fragaria x ananassa","Fragaria × ananassa","wfo-0001005541","species","(Duchesne ex Weston) Duchesne ex Rozier","Rosaceae","Fragaria","Accepted","FUZZY"
"Frangula alnus","Frangula alnus","wfo-0000691852","species","Mill.","Rhamnaceae","Frangula","Accepted","MATCH"
"Fraxinus","Fraxinus","wfo-4000015027","genus","Tourn. ex L.","Oleaceae","Fraxinus","Accepted","MATCH"
"Fraxinus angustifolia","Fraxinus angustifolia","wfo-0000832291","species","Vahl","Oleaceae","Fraxinus","Accepted","MATCH"
"Fraxinus excelsior","Fraxinus excelsior","wfo-0000832453","species","L.","Oleaceae","Fraxinus","Accepted","MATCH"
"Fraxinus ornus","Fraxinus ornus","wfo-0000832712","species","L.","Oleaceae","Fraxinus","Accepted","MATCH"
"Fraxinus ornus ornus","Fraxinus ornus","wfo-0000832712","species","L.","Oleaceae","Fraxinus","Accepted","FUZZY"
"Fumana","Fumana","wfo-4000015112","genus","(Dunal) Spach","Cistaceae","Fumana","Accepted","MATCH"
"Fumana ericifolia","Fumana ericoides subsp. montana","wfo-0001257899","subspecies","(Pomel) Maire","Cistaceae","Fumana","Accepted","MATCH"
"Fumaria","Fumaria","wfo-4000015114","genus","L.","Papaveraceae","Fumaria","Accepted","MATCH"
"Fumaria agraria","Fumaria agraria","wfo-0000693091","species","Lag.","Papaveraceae","Fumaria","Accepted","MATCH"
"Fumaria agraria x officinalis","Fumaria agraria","wfo-0000693091","species","Lag.","Papaveraceae","Fumaria","Accepted","FUZZY"
"Fumaria bastardii","Fumaria bastardii","wfo-0000693138","species","Boreau","Papaveraceae","Fumaria","Accepted","MATCH"
"Fumaria capreolata","Fumaria capreolata","wfo-0000693173","species","L.","Papaveraceae","Fumaria","Accepted","MATCH"
"Fumaria densiflora","Fumaria densiflora","wfo-0000693204","species","DC.","Papaveraceae","Fumaria","Accepted","MATCH"
"Fumaria gaillardoti","Fumaria gaillardotii","wfo-0000693232","species","Boiss.","Papaveraceae","Fumaria","Accepted","FUZZY"
"Fumaria gaillardotii","Fumaria gaillardotii","wfo-0000693232","species","Boiss.","Papaveraceae","Fumaria","Accepted","MATCH"
"Fumaria muralis","Fumaria muralis","wfo-0000693322","species","Sond. ex W.D.J.Koch","Papaveraceae","Fumaria","Accepted","MATCH"
"Fumaria officinalis","Fumaria officinalis","wfo-0000693355","species","L.","Papaveraceae","Fumaria","Accepted","MATCH"
"Fumaria officinalis officinalis","Fumaria officinalis","wfo-0000693355","species","L.","Papaveraceae","Fumaria","Accepted","FUZZY"
"Fumaria officinalis wirtgenii","Fumaria officinalis f. wirtgenii","wfo-1200002808","form","(W.D.J.Koch) B.P.R.Chéron","Papaveraceae","Fumaria","Unchecked","FUZZY"
"Fumaria parviflora","Fumaria parviflora","wfo-0000693383","species","Lam.","Papaveraceae","Fumaria","Accepted","MATCH"
"Fumaria rostellata","Fumaria rostellata","wfo-0000693419","species","Knaf","Papaveraceae","Fumaria","Accepted","MATCH"
"Fumaria schleicheri","Fumaria schleicheri","wfo-0000693435","species","Soy.-Will.","Papaveraceae","Fumaria","Accepted","MATCH"
"Fumaria tenuifolia","Platycapnos spicatus","wfo-0000468978","species","(L.) Bernh.","Papaveraceae","Platycapnos","Accepted","MATCH"
"Fumaria vaillantii","Fumaria vaillantii","wfo-0000693480","species","Loisel.","Papaveraceae","Fumaria","Accepted","MATCH"
"Gagea arvensis","Gagea minima","wfo-0000768557","species","(L.) Ker Gawl.","Liliaceae","Gagea","Accepted","MATCH"
"Gagea pratensis","Gagea pratensis","wfo-0000768612","species","(Pers.) Dumort.","Liliaceae","Gagea","Accepted","MATCH"
"Gagea villosa","Gagea villosa","wfo-0000768743","species","(M.Bieb.) Sweet","Liliaceae","Gagea","Accepted","MATCH"
"Galactites","Galactites","wfo-4000015182","genus","Moench","Asteraceae","Galactites","Accepted","MATCH"
"Galactites elegans","Galactites tomentosa","wfo-1000040320","species","Moench","Asteraceae","Galactites","Accepted","MATCH"
"Galactites tomentosa","Galactites tomentosa","wfo-1000040320","species","Moench","Asteraceae","Galactites","Accepted","MATCH"
"Galactites tomentosus","Galactites tomentosus","wfo-0000005180","species","Moench","Asteraceae","Galactites","Accepted","MATCH"
"Galatella sedifolia","Galatella sedifolia","wfo-0000027814","species","(L.) Greuter","Asteraceae","Galatella","Accepted","MATCH"
"Galega officinalis","Galega officinalis","wfo-0000212597","species","L.","Fabaceae","Galega","Accepted","MATCH"
"Galega orientalis","Galega orientalis","wfo-0000213722","species","Lam.","Fabaceae","Galega","Accepted","MATCH"
"Galeopsis","Galeopsis","wfo-4000015223","genus","L.","Lamiaceae","Galeopsis","Accepted","MATCH"
"Galeopsis angustifolia","Galeopsis angustifolia","wfo-0000967942","species","Ehrh. ex Hoffm.","Lamiaceae","Galeopsis","Accepted","MATCH"
"Galeopsis bifida","Galeopsis bifida","wfo-0000967949","species","Boenn.","Lamiaceae","Galeopsis","Accepted","MATCH"
"Galeopsis ladanum","Galeopsis ladanum","wfo-0000967997","species","L.","Lamiaceae","Galeopsis","Accepted","MATCH"
"Galeopsis ladanum angustifolia","Galeopsis ladanum","wfo-0000967997","species","L.","Lamiaceae","Galeopsis","Accepted","FUZZY"
"Galeopsis pubescens","Galeopsis pubescens","wfo-0000968038","species","Besser","Lamiaceae","Galeopsis","Accepted","MATCH"
"Galeopsis segetum","Galeopsis segetum","wfo-0000968049","species","Neck.","Lamiaceae","Galeopsis","Accepted","MATCH"
"Galeopsis speciosa","Galeopsis speciosa","wfo-0000968053","species","Mill.","Lamiaceae","Galeopsis","Accepted","MATCH"
"Galeopsis tetrahit","Galeopsis tetrahit","wfo-0000968061","species","L.","Lamiaceae","Galeopsis","Accepted","MATCH"
"Galinsoga","Galinsoga","wfo-4000015233","genus","Ruiz & Pav.","Asteraceae","Galinsoga","Accepted","MATCH"
"Galinsoga parviflora","Galinsoga parviflora","wfo-0000135740","species","Cav.","Asteraceae","Galinsoga","Accepted","MATCH"
"Galinsoga quadriradiata","Galinsoga quadriradiata","wfo-0000114677","species","Ruiz & Pav.","Asteraceae","Galinsoga","Accepted","MATCH"
"Galium","Galium","wfo-4000015241","genus","L.","Rubiaceae","Galium","Accepted","MATCH"
"Galium album","Galium album","wfo-0000968234","species","Mill.","Rubiaceae","Galium","Accepted","MATCH"
"Galium aparine","Galium aparine","wfo-0000968296","species","L.","Rubiaceae","Galium","Accepted","MATCH"
"Galium aparine aparine","Galium aparine","wfo-0000968296","species","L.","Rubiaceae","Galium","Accepted","FUZZY"
"Galium aparine spurium","Galium spurium","wfo-0000970236","species","L.","Rubiaceae","Galium","Accepted","FUZZY"
"Galium cinereum","Galium cinereum","wfo-0000968667","species","All.","Rubiaceae","Galium","Accepted","MATCH"
"Galium corrudifolium","Galium lucidum subsp. corrudifolium","wfo-0000811159","subspecies","(Vill.) Bonnier","Rubiaceae","Galium","Accepted","MATCH"
"Galium elongatum","Galium elongatum","wfo-0000968894","species","C.Presl","Rubiaceae","Galium","Accepted","MATCH"
"Galium lucidum","Galium lucidum","wfo-0000969381","species","All.","Rubiaceae","Galium","Accepted","MATCH"
"Galium mollugo","Galium mollugo","wfo-0000969499","species","L.","Rubiaceae","Galium","Accepted","MATCH"
"Galium murale","Galium murale","wfo-0000969591","species","(L.) All.","Rubiaceae","Galium","Accepted","MATCH"
"Galium odoratum","Galium odoratum","wfo-0000969693","species","(L.) Scop.","Rubiaceae","Galium","Accepted","MATCH"
"Galium palustre","Galium palustre","wfo-0000969740","species","L.","Rubiaceae","Galium","Accepted","MATCH"
"Galium palustre elongatum","Galium elongatum","wfo-0000968894","species","C.Presl","Rubiaceae","Galium","Accepted","FUZZY"
"Galium parisiense","Galium parisiense","wfo-0000969776","species","L.","Rubiaceae","Galium","Accepted","MATCH"
"Galium pumilum","Galium pumilum","wfo-0000969961","species","Murray","Rubiaceae","Galium","Accepted","MATCH"
"Galium rotundifolium","Galium rotundifolium","wfo-0000970043","species","L.","Rubiaceae","Galium","Accepted","MATCH"
"Galium saxatile","Galium saxatile","wfo-0000970124","species","L.","Rubiaceae","Galium","Accepted","MATCH"
"Galium spurium","Galium spurium","wfo-0000970236","species","L.","Rubiaceae","Galium","Accepted","MATCH"
"Galium spurium tenerum","Galium spurium","wfo-0000970236","species","L.","Rubiaceae","Galium","Accepted","FUZZY"
"Galium tricornutum","Galium tricornutum","wfo-0000970442","species","Dandy","Rubiaceae","Galium","Accepted","MATCH"
"Galium triflorum","Galium triflorum","wfo-0000970466","species","Michx.","Rubiaceae","Galium","Accepted","MATCH"
"Galium uliginosum","Galium uliginosum","wfo-0000970490","species","L.","Rubiaceae","Galium","Accepted","MATCH"
"Galium verrucosum","Galium verrucosum","wfo-0000970557","species","Huds.","Rubiaceae","Galium","Accepted","MATCH"
"Galium verum","Galium verum","wfo-0000970562","species","L.","Rubiaceae","Galium","Accepted","MATCH"
"Galium verum verum","Galium verum","wfo-0000970562","species","L.","Rubiaceae","Galium","Accepted","FUZZY"
"Gamochaeta antillana","Gamochaeta antillana","wfo-0000089272","species","(Urb.) Anderb.","Asteraceae","Gamochaeta","Accepted","MATCH"
"Gastridium ventricosum","Gastridium ventricosum","wfo-0000872880","species","(Gouan) Schinz & Thell.","Poaceae","Gastridium","Accepted","MATCH"
"Gaudinia fragilis","Gaudinia fragilis","wfo-0000872903","species","(L.) P.Beauv.","Poaceae","Gaudinia","Accepted","MATCH"
"Geleopsis tetrahit","Galeopsis tetrahit","wfo-0000968061","species","L.","Lamiaceae","Galeopsis","Accepted","FUZZY"
"Genista","Genista","wfo-4000015489","genus","L.","Fabaceae","Genista","Accepted","MATCH"
"Genista scorpius","Genista scorpius","wfo-0000213360","species","(L.) DC.","Fabaceae","Genista","Accepted","MATCH"
"Geraniaceae","Geraniaceae","wfo-7000000245","family","Juss.","Geraniaceae","","Accepted","MATCH"
"Geranium","Geranium","wfo-4000015557","genus","L.","Geraniaceae","Geranium","Accepted","MATCH"
"Geranium columbinum","Geranium columbinum","wfo-0000700265","species","L.","Geraniaceae","Geranium","Accepted","MATCH"
"Geranium dissectum","Geranium dissectum","wfo-0000700368","species","L.","Geraniaceae","Geranium","Accepted","MATCH"
"Geranium molle","Geranium molle","wfo-0000700868","species","L.","Geraniaceae","Geranium","Accepted","MATCH"
"Geranium palustre","Geranium palustre","wfo-0000701007","species","L.","Geraniaceae","Geranium","Accepted","MATCH"
"Geranium pheum","Geranium phaeum","wfo-0000701052","species","L.","Geraniaceae","Geranium","Accepted","FUZZY"
"Geranium pratense","Geranium pratense","wfo-0000701108","species","L.","Geraniaceae","Geranium","Accepted","MATCH"
"Geranium purpureum","Geranium purpureum","wfo-0000701154","species","Vill.","Geraniaceae","Geranium","Accepted","MATCH"
"Geranium pusillum","Geranium pusillum","wfo-0000701157","species","L.","Geraniaceae","Geranium","Accepted","MATCH"
"Geranium pyrenaicum","Geranium pyrenaicum","wfo-0000701169","species","Burm.f.","Geraniaceae","Geranium","Accepted","MATCH"
"Geranium robertianum","Geranium robertianum","wfo-0000701246","species","L.","Geraniaceae","Geranium","Accepted","MATCH"
"Geranium robertianum purpureum","Geranium robertianum","wfo-0000701246","species","L.","Geraniaceae","Geranium","Accepted","FUZZY"
"Geranium rotundifolium","Geranium rotundifolium","wfo-0000701258","species","L.","Geraniaceae","Geranium","Accepted","MATCH"
"Geranium sanguineum","Geranium sanguineum","wfo-0000701279","species","L.","Geraniaceae","Geranium","Accepted","MATCH"
"Geranium submolle","Geranium berteroanum","wfo-0000700103","species","Colla","Geraniaceae","Geranium","Accepted","MATCH"
"Geropogon hybridus","Geropogon hybridus","wfo-0000116164","species","(L.) Sch.Bip.","Asteraceae","Geropogon","Accepted","MATCH"
"Geum","Geum","wfo-4000015601","genus","L.","Rosaceae","Geum","Accepted","MATCH"
"Geum rivale","Geum rivale","wfo-0001004152","species","L.","Rosaceae","Geum","Accepted","MATCH"
"Geum urbanum","Geum urbanum","wfo-0001013476","species","L.","Rosaceae","Geum","Accepted","MATCH"
"Gladiolus","Gladiolus","wfo-4000015694","genus","Tourn. ex L.","Iridaceae","Gladiolus","Accepted","MATCH"
"Gladiolus illyricus","Gladiolus illyricus","wfo-0000789933","species","W.D.J.Koch","Iridaceae","Gladiolus","Accepted","MATCH"
"Gladiolus italicus","Gladiolus italicus","wfo-0000789959","species","Mill.","Iridaceae","Gladiolus","Accepted","MATCH"
"Glaucium corniculatum","Glaucium corniculatum","wfo-0001090276","species","(L.) Curtis","Papaveraceae","Glaucium","Accepted","MATCH"
"Glebionis coronaria","Glebionis coronaria","wfo-0000072121","species","(L.) Cass. ex Spach","Asteraceae","Glebionis","Accepted","MATCH"
"Glebionis segetum","Glebionis segetum","wfo-0000091403","species","Fourr.","Asteraceae","Glebionis","Accepted","MATCH"
"Glechoma hederacea","Glechoma hederacea","wfo-0000972872","species","L.","Lamiaceae","Glechoma","Accepted","MATCH"
"Glechoma hirsuta","Glechoma hirsuta","wfo-0000972886","species","Waldst. & Kit.","Lamiaceae","Glechoma","Accepted","MATCH"
"Gleditsia triacanthos","Gleditsia triacanthos","wfo-0000168133","species","L.","Fabaceae","Gleditsia","Accepted","MATCH"
"Globularia bisnagarica","Globularia bisnagarica","wfo-0000703801","species","L.","Plantaginaceae","Globularia","Accepted","MATCH"
"Glyceria","Glyceria","wfo-4000015842","genus","R.Br.","Poaceae","Glyceria","Accepted","MATCH"
"Glyceria declinata","Glyceria declinata","wfo-0000873155","species","Bréb.","Poaceae","Glyceria","Accepted","MATCH"
"Glyceria fluitans","Glyceria fluitans","wfo-0000873191","species","(L.) R.Br.","Poaceae","Glyceria","Accepted","MATCH"
"Glyceria maxima","Glyceria maxima","wfo-0000873262","species","(Hartm.) Holmb.","Poaceae","Glyceria","Accepted","MATCH"
"Glycine","Glycine","wfo-4000049061","genus","Willd.","Fabaceae","Glycine","Accepted","MATCH"
"Glycine max","Glycine max","wfo-0000181462","species","(L.) Merr.","Fabaceae","Glycine","Accepted","MATCH"
"Glycyrrhiza glabra","Glycyrrhiza glabra","wfo-0000212813","species","L.","Fabaceae","Glycyrrhiza","Accepted","MATCH"
"Glyzirrhyza glabra",NA,"",NA,NA,NA,NA,NA,"NOT FOUND"
"Gnaphalium","Gnaphalium","wfo-4000015882","genus","L.","Asteraceae","Gnaphalium","Accepted","MATCH"
"Gnaphalium americanum","Anaphalis margaritacea","wfo-0000092746","species","(L.) Benth. & Hook.f.","Asteraceae","Anaphalis","Accepted","MATCH"
"Gnaphalium antillanum","Gamochaeta antillana","wfo-0000089272","species","(Urb.) Anderb.","Asteraceae","Gamochaeta","Accepted","MATCH"
"Gnaphalium sylvaticum","Gnaphalium sylvaticum","wfo-0000018897","species","L.","Asteraceae","Gnaphalium","Accepted","MATCH"
"Gnaphalium uliginosum","Gnaphalium uliginosum","wfo-0000075561","species","L.","Asteraceae","Gnaphalium","Accepted","MATCH"
"Guizotia abyssinica","Guizotia abyssinica","wfo-0000095153","species","(L.f.) Cass.","Asteraceae","Guizotia","Accepted","MATCH"
"Gypsophila muralis","Psammophiliella muralis","wfo-0001097626","species","(L.) Ikonn.","Caryophyllaceae","Psammophiliella","Accepted","MATCH"
"Gypsophila repens","Gypsophila repens","wfo-0000713708","species","L.","Caryophyllaceae","Gypsophila","Accepted","MATCH"
"Hainardia cylindrica","Parapholis cylindrica","wfo-1000035742","species","(Willd.) Romero Zarco","Poaceae","Parapholis","Accepted","MATCH"
"Hdrocotyle sibthorpioides","Hydrocotyle sibthorpioides","wfo-0000726583","species","Lam.","Araliaceae","Hydrocotyle","Accepted","FUZZY"
"Hedera","Hedera","wfo-4000017104","genus","L.","Araliaceae","Hedera","Accepted","MATCH"
"Hedera helix","Hedera helix","wfo-0000979730","species","L.","Araliaceae","Hedera","Accepted","MATCH"
"Hedypnois cretica","Hedypnois rhagadioloides","wfo-0000132458","species","(L.) F.W.Schmidt","Asteraceae","Hedypnois","Accepted","MATCH"
"Hedypnois rhagadioloides","Hedypnois rhagadioloides","wfo-0000132458","species","(L.) F.W.Schmidt","Asteraceae","Hedypnois","Accepted","MATCH"
"Helianthemum apenninum","Helianthemum apenninum","wfo-0000717300","species","(L.) Mill.","Cistaceae","Helianthemum","Accepted","MATCH"
"Helianthemum hirtum","Helianthemum hirtum","wfo-0000717501","species","(L.) Mill.","Cistaceae","Helianthemum","Accepted","MATCH"
"Helianthemum salicifolium","Helianthemum salicifolium","wfo-0000717719","species","(L.) Mill.","Cistaceae","Helianthemum","Accepted","MATCH"
"Helianthus","Helianthus","wfo-4000017208","genus","L.","Asteraceae","Helianthus","Accepted","MATCH"
"Helianthus annuus","Helianthus annuus","wfo-0000088131","species","L.","Asteraceae","Helianthus","Accepted","MATCH"
"Helianthus petiolaris canescens","Helianthus petiolaris","wfo-0000012852","species","Nutt.","Asteraceae","Helianthus","Accepted","FUZZY"
"Helianthus tuberosus","Helianthus tuberosus","wfo-0000091975","species","L.","Asteraceae","Helianthus","Accepted","MATCH"
"Helichrysum arenarium","Helichrysum arenarium","wfo-0000090226","species","(L.) Moench","Asteraceae","Helichrysum","Accepted","MATCH"
"Helichrysum italicum","Helichrysum italicum","wfo-0000077691","species","(Roth) G.Don","Asteraceae","Helichrysum","Accepted","MATCH"
"Helictochloa romero","Helictochloa","wfo-4000017242","genus","Romero Zarco","Poaceae","Helictochloa","Accepted","FUZZY"
"Heliotropium europaeum","Heliotropium europaeum","wfo-0000718566","species","L.","Heliotropiaceae","Heliotropium","Accepted","MATCH"
"Helleborus foetidus","Helleborus foetidus","wfo-0000719147","species","L.","Ranunculaceae","Helleborus","Accepted","MATCH"
"Helleborus purpurascens","Helleborus purpurascens","wfo-0000719199","species","Waldst. & Kit.","Ranunculaceae","Helleborus","Accepted","MATCH"
"Helminthotheca","Helminthotheca","wfo-4000017298","genus","Zinn","Asteraceae","Helminthotheca","Accepted","MATCH"
"Helminthotheca comosa","Helminthotheca comosa","wfo-0000057986","species","(Boiss.) Holub","Asteraceae","Helminthotheca","Accepted","MATCH"
"Helminthotheca echioides","Helminthotheca echioides","wfo-0000123886","species","(L.) Holub","Asteraceae","Helminthotheca","Accepted","MATCH"
"Helosciadium nodiflorum","Helosciadium nodiflorum","wfo-0000719285","species","(L.) W.D.J.Koch","Apiaceae","Helosciadium","Accepted","MATCH"
"Heracleum","Heracleum","wfo-4000017527","genus","L.","Apiaceae","Heracleum","Accepted","MATCH"
"Heracleum mantegazzianum x sphondylium","Heracleum mantegazzianum","wfo-0000720133","species","Sommier & Levier","Apiaceae","Heracleum","Accepted","FUZZY"
"Heracleum sibiricum","Heracleum sibiricum","wfo-0000720207","species","L.","Apiaceae","Heracleum","Accepted","MATCH"
"Heracleum sphondylium","Heracleum sphondylium","wfo-0000720220","species","L.","Apiaceae","Heracleum","Accepted","MATCH"
"Heracleum sphondylium sphondylium","Heracleum sphondylium","wfo-0000720220","species","L.","Apiaceae","Heracleum","Accepted","FUZZY"
"Herniaria","Herniaria","wfo-4000017558","genus","Tourn. ex L.","Caryophyllaceae","Herniaria","Accepted","MATCH"
"Herniaria cinerea","Herniaria hirsuta subsp. cinerea","wfo-0000734536","subspecies","(DC.) Cout.","Caryophyllaceae","Herniaria","Accepted","MATCH"
"Herniaria glabra","Herniaria glabra","wfo-0000720677","species","L.","Caryophyllaceae","Herniaria","Accepted","MATCH"
"Herniaria hirsuta","Herniaria hirsuta","wfo-0000720684","species","L.","Caryophyllaceae","Herniaria","Accepted","MATCH"
"Herniaria hirsuta cinerea","Herniaria hirsuta","wfo-0000720684","species","L.","Caryophyllaceae","Herniaria","Accepted","FUZZY"
"Herniaria lusitanica","Herniaria lusitanica","wfo-0000720700","species","Chaudhri","Caryophyllaceae","Herniaria","Accepted","MATCH"
"Hibiscus trionum","Hibiscus trionum","wfo-0000723167","species","L.","Malvaceae","Hibiscus","Accepted","MATCH"
"Hieracium","Hieracium","wfo-4000017887","genus","L.","Asteraceae","Hieracium","Accepted","MATCH"
"Hieracium amplexicaule","Hieracium amplexicaule","wfo-0000117103","species","L.","Asteraceae","Hieracium","Accepted","MATCH"
"Hieracium aurantiacum","Pilosella aurantiaca","wfo-0000030068","species","(L.) F.W.Schultz & Sch.Bip.","Asteraceae","Pilosella","Accepted","MATCH"
"Hieracium cymosum","Hieracium cymosum","wfo-0000007746","species","Vill.","Asteraceae","Hieracium","Accepted","MATCH"
"Hieracium lachenalii","Hieracium lachenalii","wfo-0000004151","species","Suter","Asteraceae","Hieracium","Accepted","MATCH"
"Hieracium laevigatum","Hieracium laevigatum","wfo-0000027969","species","Froel.","Asteraceae","Hieracium","Accepted","MATCH"
"Hieracium murorum","Hieracium murorum","wfo-0000070265","species","C.B.Clarke","Asteraceae","Hieracium","Accepted","MATCH"
"Hieracium pilosella","Pilosella officinarum","wfo-0000115134","species","F.W.Schultz & Sch.Bip.","Asteraceae","Pilosella","Accepted","MATCH"
"Hieracium sabaudum","Hieracium sabaudum","wfo-0000133436","species","L.","Asteraceae","Hieracium","Accepted","MATCH"
"Hieracium umbellatum","Hieracium umbellatum","wfo-0000080102","species","L.","Asteraceae","Hieracium","Accepted","MATCH"
"Hieracium villosum","Hieracium villosum","wfo-0000138482","species","Jacq.","Asteraceae","Hieracium","Accepted","MATCH"
"Himantoglossum hircinum","Himantoglossum hircinum","wfo-0000982424","species","(L.) Spreng.","Orchidaceae","Himantoglossum","Accepted","MATCH"
"Himantoglossum robertianum","Himantoglossum robertianum","wfo-0000982438","species","(Loisel.) P.Delforge","Orchidaceae","Himantoglossum","Accepted","MATCH"
"Hippocrepis","Hippocrepis","wfo-4000017961","genus","L.","Fabaceae","Hippocrepis","Accepted","MATCH"
"Hippocrepis biflora","Hippocrepis biflora","wfo-0000205737","species","Spreng.","Fabaceae","Hippocrepis","Accepted","MATCH"
"Hippocrepis comosa","Hippocrepis comosa","wfo-0000213796","species","L.","Fabaceae","Hippocrepis","Accepted","MATCH"
"Hippophae rhamnoides","Hippophae rhamnoides","wfo-0000723743","species","L.","Elaeagnaceae","Hippophae","Accepted","MATCH"
"Hirschfeldia incana","Hirschfeldia incana","wfo-0000724016","species","(L.) Lagr.-Foss.","Brassicaceae","Hirschfeldia","Accepted","MATCH"
"Hirschfeldia incana incana","Hirschfeldia incana","wfo-0000724016","species","(L.) Lagr.-Foss.","Brassicaceae","Hirschfeldia","Accepted","FUZZY"
"Holcus","Holcus","wfo-4000018059","genus","L.","Poaceae","Holcus","Accepted","MATCH"
"Holcus lanatus","Holcus lanatus","wfo-0000874509","species","L.","Poaceae","Holcus","Accepted","MATCH"
"Holcus mollis","Holcus mollis","wfo-0000874519","species","L.","Poaceae","Holcus","Accepted","MATCH"
"Holcus mollis mollis","Holcus mollis","wfo-0000874519","species","L.","Poaceae","Holcus","Accepted","FUZZY"
"Holcus x hybridus","Holcus hybridus","wfo-0000874445","species","Wein","Poaceae","Holcus","Accepted","FUZZY"
"Holosteum umbellatum","Holosteum umbellatum","wfo-0000724345","species","L.","Caryophyllaceae","Holosteum","Accepted","MATCH"
"Honorius nutans","Honorius nutans","wfo-0000662106","species","(L.) Gray","Asparagaceae","Honorius","Accepted","MATCH"
"Hordelymus europaeus","Hordelymus europaeus","wfo-0000874641","species","(L.) Jess. ex Harz","Poaceae","Hordelymus","Accepted","MATCH"
"Hordeum","Hordeum","wfo-4000018271","genus","L.","Poaceae","Hordeum","Accepted","MATCH"
"Hordeum distichon","Hordeum distichon","wfo-0000874759","species","L.","Poaceae","Hordeum","Accepted","MATCH"
"Hordeum marinum","Hordeum marinum","wfo-0000874872","species","Huds.","Poaceae","Hordeum","Accepted","MATCH"
"Hordeum murinum","Hordeum murinum","wfo-0000874893","species","L.","Poaceae","Hordeum","Accepted","MATCH"
"Hordeum murinum leporinum","Hordeum murinum","wfo-0000874893","species","L.","Poaceae","Hordeum","Accepted","FUZZY"
"Hordeum murinum murinum","Hordeum murinum","wfo-0000874893","species","L.","Poaceae","Hordeum","Accepted","FUZZY"
"Hordeum secalinum","Hordeum secalinum","wfo-0000874994","species","Schreb.","Poaceae","Hordeum","Accepted","MATCH"
"Hordeum vulgare","Hordeum vulgare","wfo-0000875054","species","L.","Poaceae","Hordeum","Accepted","MATCH"
"Hordeum vulgare distichon","Hordeum vulgare","wfo-0000875054","species","L.","Poaceae","Hordeum","Accepted","FUZZY"
"Hordeum vulgare hexastichum","Hordeum vulgare","wfo-0000875054","species","L.","Poaceae","Hordeum","Accepted","FUZZY"
"Hordeum vulgare vulgare","Hordeum vulgare","wfo-0000875054","species","L.","Poaceae","Hordeum","Accepted","FUZZY"
"Hornungia petraea","Hornungia petraea","wfo-0000724775","species","(L.) Rchb.","Brassicaceae","Hornungia","Accepted","MATCH"
"Humulus lupulus","Humulus lupulus","wfo-0000725866","species","L.","Cannabaceae","Humulus","Accepted","MATCH"
"Hyacinthoides","Hyacinthoides","wfo-4000018462","genus","Heist. ex Fabr.","Asparagaceae","Hyacinthoides","Accepted","MATCH"
"Hyacinthoides non-scripta","Hyacinthoides non-scripta","wfo-0000664295","species","(L.) Chouard ex Rothm.","Asparagaceae","Hyacinthoides","Accepted","MATCH"
"Hyacinthus orientalis","Hyacinthus orientalis","wfo-0000665369","species","L.","Asparagaceae","Hyacinthus","Accepted","MATCH"
"Hylotelephium","Hylotelephium","wfo-4000018627","genus","H.Ohba","Crassulaceae","Hylotelephium","Accepted","MATCH"
"Hylotelephium argutum","Hylotelephium telephium subsp. fabaria","wfo-0000726975","subspecies","(W.D.J.Koch) H.Ohba","Crassulaceae","Hylotelephium","Accepted","MATCH"
"Hylotelephium telephium","Hylotelephium telephium","wfo-0000726974","species","(L.) H.Ohba","Crassulaceae","Hylotelephium","Accepted","MATCH"
"Hymenocarpos circinnata nummularius","Anthyllis circinnata","wfo-0000538748","species","(L.) D.D.Sokoloff","Fabaceae","Anthyllis","Accepted","FUZZY"
"Hymenocarpos circinnatus","Anthyllis circinnata","wfo-0000538748","species","(L.) D.D.Sokoloff","Fabaceae","Anthyllis","Accepted","MATCH"
"Hyoscyamus niger","Hyoscyamus niger","wfo-0001021850","species","L.","Solanaceae","Hyoscyamus","Accepted","MATCH"
"Hyoseris radiata","Hyoseris radiata","wfo-0000134175","species","L.","Asteraceae","Hyoseris","Accepted","MATCH"
"Hypecoum","Hypecoum","wfo-4000018739","genus","Tourn. ex L.","Papaveraceae","Hypecoum","Accepted","MATCH"
"Hypecoum imberbe","Hypecoum imberbe","wfo-0000727174","species","Sm.","Papaveraceae","Hypecoum","Accepted","MATCH"
"Hypecoum pendulum","Hypecoum pendulum","wfo-0000727181","species","L.","Papaveraceae","Hypecoum","Accepted","MATCH"
"Hypecoum procumbens","Hypecoum procumbens","wfo-0000727185","species","L.","Papaveraceae","Hypecoum","Accepted","MATCH"
"Hypericum","Hypericum","wfo-4000018759","genus","Tourn. ex L.","Hypericaceae","Hypericum","Accepted","MATCH"
"Hypericum androsaemum","Hypericum androsaemum","wfo-0000727341","species","L.","Hypericaceae","Hypericum","Accepted","MATCH"
"Hypericum australe","Hypericum australe","wfo-0000727387","species","Ten.","Hypericaceae","Hypericum","Accepted","MATCH"
"Hypericum hirsutum","Hypericum hirsutum","wfo-0000727741","species","L.","Hypericaceae","Hypericum","Accepted","MATCH"
"Hypericum humifusum","Hypericum humifusum","wfo-0000727753","species","L.","Hypericaceae","Hypericum","Accepted","MATCH"
"Hypericum linarifolium","Hypericum linariifolium","wfo-0000727869","species","Vahl","Hypericaceae","Hypericum","Accepted","FUZZY"
"Hypericum linariifolium","Hypericum linariifolium","wfo-0000727869","species","Vahl","Hypericaceae","Hypericum","Accepted","MATCH"
"Hypericum maculatum","Hypericum maculatum","wfo-0000727911","species","Crantz","Hypericaceae","Hypericum","Accepted","MATCH"
"Hypericum perfoliatum","Hypericum perfoliatum","wfo-0000728092","species","L.","Hypericaceae","Hypericum","Accepted","MATCH"
"Hypericum perforatum","Hypericum perforatum","wfo-0000728093","species","L.","Hypericaceae","Hypericum","Accepted","MATCH"
"Hypericum perforatum angustifolium","Hypericum perforatum subsp. veronense","wfo-0000728111","subspecies","(Schrank) H.Lindb.","Hypericaceae","Hypericum","Accepted","FUZZY"
"Hypericum tetrapterum","Hypericum tetrapterum","wfo-0000728383","species","Fr.","Hypericaceae","Hypericum","Accepted","MATCH"
"Hypericum triquetrifolium","Hypericum triquetrifolium","wfo-0000728420","species","Turra","Hypericaceae","Hypericum","Accepted","MATCH"
"Hypochaeris","Hypochaeris","wfo-4000018830","genus","L.","Asteraceae","Hypochaeris","Accepted","MATCH"
"Hypochaeris achyrophorus","Hypochaeris achyrophorus","wfo-0000045227","species","L.","Asteraceae","Hypochaeris","Accepted","MATCH"
"Hypochaeris glabra","Hypochaeris glabra","wfo-0000005915","species","L.","Asteraceae","Hypochaeris","Accepted","MATCH"
"Hypochaeris radicata","Hypochaeris radicata","wfo-0000074809","species","L.","Asteraceae","Hypochaeris","Accepted","MATCH"
"Hypochoeris radicata","Hypochaeris radicata","wfo-0000074809","species","L.","Asteraceae","Hypochaeris","Accepted","FUZZY"
"Hyssopus officinalis","Hyssopus officinalis","wfo-0000217205","species","L.","Lamiaceae","Hyssopus","Accepted","MATCH"
"Iberis amara","Iberis amara","wfo-0000728768","species","L.","Brassicaceae","Iberis","Accepted","MATCH"
"Iberis pinnata","Iberis pinnata","wfo-0000728931","species","L.","Brassicaceae","Iberis","Accepted","MATCH"
"Iberis sempervirens","Iberis sempervirens","wfo-0000728958","species","L.","Brassicaceae","Iberis","Accepted","MATCH"
"Ilex aquifolium","Ilex aquifolium","wfo-0000729203","species","L.","Aquifoliaceae","Ilex","Accepted","MATCH"
"Illecebrum verticillatum","Illecebrum verticillatum","wfo-0000730073","species","L.","Caryophyllaceae","Illecebrum","Accepted","MATCH"
"Imbribryum subapiculatum","Imbribryum subapiculatum","wfo-1000018804","species","(Hampe) D.Bell & Holyoak","Bryaceae","Imbribryum","Accepted","MATCH"
"Impatiens glandulifera","Impatiens glandulifera","wfo-0000730508","species","Royle","Balsaminaceae","Impatiens","Accepted","MATCH"
"Imperata cylindrica","Imperata cylindrica","wfo-0000875631","species","(L.) Raeusch.","Poaceae","Imperata","Accepted","MATCH"
"Inula britannica","Inula britannica","wfo-0000138983","species","L.","Asteraceae","Inula","Accepted","MATCH"
"Inula conyza","Inula conyza","wfo-0000126746","species","DC.","Asteraceae","Inula","Accepted","MATCH"
"Inula conyzae","Inula conyza","wfo-0000126746","species","DC.","Asteraceae","Inula","Accepted","MATCH"
"Inula helenium","Inula helenium","wfo-0000120207","species","L.","Asteraceae","Inula","Accepted","MATCH"
"Inula viscosa","Dittrichia viscosa","wfo-0000059214","species","(L.) Greuter","Asteraceae","Dittrichia","Accepted","MATCH"
"Ipomoea purpurea","Ipomoea purpurea","wfo-0001296676","species","(L.) Roth","Convolvulaceae","Ipomoea","Accepted","MATCH"
"Iris foetidissima","Iris foetidissima","wfo-0000783342","species","L.","Iridaceae","Iris","Accepted","MATCH"
"Iris pseudacorus","Iris pseudacorus","wfo-0000783754","species","L.","Iridaceae","Iris","Accepted","MATCH"
"Isatis tinctoria","Isatis tinctoria","wfo-0000732433","species","L.","Brassicaceae","Isatis","Accepted","MATCH"
"Iva xanthiifolia","Iva xanthiifolia","wfo-0000034395","species","Nutt.","Asteraceae","Iva","Accepted","MATCH"
"Jacobaea","Jacobaea","wfo-4000019438","genus","Mill.","Asteraceae","Jacobaea","Accepted","MATCH"
"Jacobaea aquatica","Jacobaea aquatica","wfo-0000041258","species","(Hill) G.Gaertn., B.Mey. & Scherb.","Asteraceae","Jacobaea","Accepted","MATCH"
"Jacobaea erucifolia","Jacobaea erucifolia","wfo-0000119080","species","(L.) P.Gaertn., B.Mey. & Schreb.","Asteraceae","Jacobaea","Accepted","MATCH"
"Jacobaea vulgaris","Jacobaea vulgaris","wfo-0000031875","species","Gaertn.","Asteraceae","Jacobaea","Accepted","MATCH"
"Jacobaea vulgaris vulgaris","Jacobaea vulgaris","wfo-0000031875","species","Gaertn.","Asteraceae","Jacobaea","Accepted","FUZZY"
"Jasione","Jasione","wfo-4000019520","genus","L.","Campanulaceae","Jasione","Accepted","MATCH"
"Jasione maritima","Jasione maritima","wfo-0000813718","species","(Duby) L.M.Dufour ex Merino","Campanulaceae","Jasione","Accepted","MATCH"
"Jasione montana","Jasione montana","wfo-0000813712","species","L.","Campanulaceae","Jasione","Accepted","MATCH"
"Jasminum fruticans","Chrysojasminum fruticans","wfo-0001341236","species","(L.) Banfi","Oleaceae","Chrysojasminum","Accepted","MATCH"
"Juglans","Juglans","wfo-4000019653","genus","L.","Juglandaceae","Juglans","Accepted","MATCH"
"Juglans nigra","Juglans nigra","wfo-0000355126","species","L.","Juglandaceae","Juglans","Accepted","MATCH"
"Juglans regia","Juglans regia","wfo-0000355051","species","L.","Juglandaceae","Juglans","Accepted","MATCH"
"Juncus","Juncus","wfo-4000019671","genus","L.","Juncaceae","Juncus","Accepted","MATCH"
"Juncus acutiflorus","Juncus acutiflorus","wfo-0000775706","species","Ehrh. ex Hoffm.","Juncaceae","Juncus","Accepted","MATCH"
"Juncus articulatus","Juncus articulatus","wfo-0000775879","species","L.","Juncaceae","Juncus","Accepted","MATCH"
"Juncus bufonius","Juncus bufonius","wfo-0000776030","species","L.","Juncaceae","Juncus","Accepted","MATCH"
"Juncus bufonius bufonius","Juncus bufonius","wfo-0000776030","species","L.","Juncaceae","Juncus","Accepted","FUZZY"
"Juncus bufonius minutulus","Juncus minutulus","wfo-0000776914","species","(Albert & Jahand.) Prain","Juncaceae","Juncus","Accepted","FUZZY"
"Juncus capitatus","Juncus capitatus","wfo-0000776171","species","Weigel","Juncaceae","Juncus","Accepted","MATCH"
"Juncus conglomeratus","Juncus conglomeratus","wfo-0000776253","species","L.","Juncaceae","Juncus","Accepted","MATCH"
"Juncus effusum","Juncus effusus","wfo-0000776350","species","L.","Juncaceae","Juncus","Accepted","FUZZY"
"Juncus effusus","Juncus effusus","wfo-0000776350","species","L.","Juncaceae","Juncus","Accepted","MATCH"
"Juncus filiformis","Juncus filiformis","wfo-0000776448","species","L.","Juncaceae","Juncus","Accepted","MATCH"
"Juncus inflexus","Juncus inflexus","wfo-0000776625","species","L.","Juncaceae","Juncus","Accepted","MATCH"
"Juncus tenuis","Juncus tenuis","wfo-0000777403","species","Willd.","Juncaceae","Juncus","Accepted","MATCH"
"Juniperus oxycedrus","Juniperus oxycedrus","wfo-0000355658","species","L.","Cupressaceae","Juniperus","Accepted","MATCH"
"Kandis perfoliata","Kandis perfoliata","wfo-0000356065","species","(L.) Kerguélen","Brassicaceae","Kandis","Unchecked","MATCH"
"Kernera saxatilis","Kernera saxatilis","wfo-0000356054","species","(L.) Sweet","Brassicaceae","Kernera","Accepted","MATCH"
"Kickxia","Kickxia","wfo-4000019987","genus","Dumort.","Plantaginaceae","Kickxia","Accepted","MATCH"
"Kickxia commutata","Kickxia commutata","wfo-0000357295","species","(Bernh. ex Rchb.) Fritsch","Plantaginaceae","Kickxia","Accepted","MATCH"
"Kickxia elatine","Kickxia elatine","wfo-0000357274","species","(L.) Dumort.","Plantaginaceae","Kickxia","Accepted","MATCH"
"Kickxia elatine elatine","Kickxia elatine","wfo-0000357274","species","(L.) Dumort.","Plantaginaceae","Kickxia","Accepted","FUZZY"
"Kickxia spuria","Kickxia spuria","wfo-0000357128","species","(L.) Dumort.","Plantaginaceae","Kickxia","Accepted","MATCH"
"Knautia","Knautia","wfo-4000020086","genus","L.","Caprifoliaceae","Knautia","Accepted","MATCH"
"Knautia arvensis","Knautia arvensis","wfo-0000356720","species","(L.) Coult.","Caprifoliaceae","Knautia","Accepted","MATCH"
"Knautia collina","Knautia collina","wfo-0000745444","species","(Gaudin) Jord.","Caprifoliaceae","Knautia","Accepted","MATCH"
"Knautia integrifola","Knautia integrifolia","wfo-0000745451","species","(L.) Bertol.","Caprifoliaceae","Knautia","Accepted","FUZZY"
"Knautia integrifolia","Knautia integrifolia","wfo-0000745451","species","(L.) Bertol.","Caprifoliaceae","Knautia","Accepted","MATCH"
"Knautia timeroyii","Knautia arvensis","wfo-0000356720","species","(L.) Coult.","Caprifoliaceae","Knautia","Accepted","FUZZY"
"Kochia scoparia","Bassia scoparia","wfo-0000561206","species","(L.) A.J.Scott","Chenopodiaceae","Bassia","Accepted","MATCH"
"Koeleria vallesiana","Koeleria vallesiana","wfo-0001096105","species","(Honck.) Gaudin","Poaceae","Koeleria","Accepted","MATCH"
"Krubera peregrina","Krubera peregrina","wfo-0000356622","species","Lowe","Apiaceae","Krubera","Accepted","MATCH"
"Lactuca","Lactuca","wfo-4000020393","genus","L.","Asteraceae","Lactuca","Accepted","MATCH"
"Lactuca muralis","Lactuca muralis","wfo-0000013840","species","(L.) Fresen.","Asteraceae","Lactuca","Unchecked","MATCH"
"Lactuca murralis","Lactuca muralis","wfo-0000013840","species","(L.) Fresen.","Asteraceae","Lactuca","Unchecked","FUZZY"
"Lactuca perennis","Lactuca perennis","wfo-0000019218","species","L.","Asteraceae","Lactuca","Accepted","MATCH"
"Lactuca saligna","Lactuca saligna","wfo-0000107983","species","L.","Asteraceae","Lactuca","Accepted","MATCH"
"Lactuca sativa","Lactuca sativa","wfo-0000128816","species","L.","Asteraceae","Lactuca","Accepted","MATCH"
"Lactuca serriola","Lactuca serriola","wfo-0000015140","species","L.","Asteraceae","Lactuca","Accepted","MATCH"
"Lactuca serriola serriola","Lactuca serriola","wfo-0000015140","species","L.","Asteraceae","Lactuca","Accepted","FUZZY"
"Lactuca viminea","Lactuca viminea","wfo-0000130698","species","(L.) J.Presl & C.Presl","Asteraceae","Lactuca","Accepted","MATCH"
"Lactuca virosa","Lactuca virosa","wfo-0000114404","species","L.","Asteraceae","Lactuca","Accepted","MATCH"
"Lagurus ovatus","Lagurus ovatus","wfo-0000877496","species","L.","Poaceae","Lagurus","Accepted","MATCH"
"Lamiaceae","Lamiaceae","wfo-7000000318","family","Martinov","Lamiaceae","","Accepted","MATCH"
"Lamium","Lamium","wfo-4000020496","genus","L.","Lamiaceae","Lamium","Accepted","MATCH"
"Lamium album","Lamium album","wfo-0000222425","species","L.","Lamiaceae","Lamium","Accepted","MATCH"
"Lamium album album","Lamium album","wfo-0000222425","species","L.","Lamiaceae","Lamium","Accepted","FUZZY"
"Lamium amplexicaule","Lamium amplexicaule","wfo-0000222440","species","L.","Lamiaceae","Lamium","Accepted","MATCH"
"Lamium galeobdolon","Lamium galeobdolon","wfo-0000222509","species","(L.) L.","Lamiaceae","Lamium","Accepted","MATCH"
"Lamium hybridum","Lamium hybridum","wfo-0000222554","species","Vill.","Lamiaceae","Lamium","Accepted","MATCH"
"Lamium maculatum","Lamium maculatum","wfo-0000222579","species","(L.) L.","Lamiaceae","Lamium","Accepted","MATCH"
"Lamium purpureum","Lamium purpureum","wfo-0000222642","species","L.","Lamiaceae","Lamium","Accepted","MATCH"
"Lamium purpureum hybridum","Lamium purpureum","wfo-0000222642","species","L.","Lamiaceae","Lamium","Accepted","FUZZY"
"Laphangium luteoalbum","Laphangium luteoalbum","wfo-0000076089","species","(L.) Tzvelev","Asteraceae","Laphangium","Accepted","MATCH"
"Lappula squarrosa","Lappula squarrosa","wfo-0000361500","species","(Retz.) Dumort.","Boraginaceae","Lappula","Accepted","MATCH"
"Lapsana","Lapsana","wfo-4000020596","genus","L.","Asteraceae","Lapsana","Accepted","MATCH"
"Lapsana communis","Lapsana communis","wfo-0000086921","species","L.","Asteraceae","Lapsana","Accepted","MATCH"
"Lapsana communis communis","Lapsana communis","wfo-0000086921","species","L.","Asteraceae","Lapsana","Accepted","FUZZY"
"Larix decidua","Larix decidua","wfo-0000443338","species","(L.) Mill.","Pinaceae","Larix","Accepted","MATCH"
"Lasiospora hirsuta","Lasiospora hirsuta","wfo-0000009236","species","(Gouan) Cass.","Asteraceae","Lasiospora","Unchecked","MATCH"
"Lathyris tuberosus","Lathyrus tuberosus","wfo-0000213826","species","L.","Fabaceae","Lathyrus","Accepted","FUZZY"
"Lathyrus","Lathyrus","wfo-4000020725","genus","L.","Fabaceae","Lathyrus","Accepted","MATCH"
"Lathyrus angulatus","Lathyrus angulatus","wfo-0000212671","species","L.","Fabaceae","Lathyrus","Accepted","MATCH"
"Lathyrus annuus","Lathyrus annuus","wfo-0000212672","species","L.","Fabaceae","Lathyrus","Accepted","MATCH"
"Lathyrus aphaca","Lathyrus aphaca","wfo-0000212673","species","L.","Fabaceae","Lathyrus","Accepted","MATCH"
"Lathyrus aphaca aphaca","Lathyrus aphaca","wfo-0000212673","species","L.","Fabaceae","Lathyrus","Accepted","FUZZY"
"Lathyrus cicera","Lathyrus cicera","wfo-0000175952","species","Hauman","Fabaceae","Lathyrus","Accepted","MATCH"
"Lathyrus clymenum","Lathyrus clymenum","wfo-0000212676","species","L.","Fabaceae","Lathyrus","Accepted","MATCH"
"Lathyrus clymenum clymenum","Lathyrus clymenum","wfo-0000212676","species","L.","Fabaceae","Lathyrus","Accepted","FUZZY"
"Lathyrus hirsutus","Lathyrus hirsutus","wfo-0000212684","species","L.","Fabaceae","Lathyrus","Accepted","MATCH"
"Lathyrus inconspicuus","Lathyrus inconspicuus","wfo-0000212688","species","L.","Fabaceae","Lathyrus","Accepted","MATCH"
"Lathyrus latifolius","Lathyrus latifolius","wfo-0000212689","species","L.","Fabaceae","Lathyrus","Accepted","MATCH"
"Lathyrus linifolius","Lathyrus linifolius","wfo-0000212690","species","(Reichard) Bässler","Fabaceae","Lathyrus","Accepted","MATCH"
"Lathyrus niger","Lathyrus niger","wfo-0000212694","species","(L.) Bernh.","Fabaceae","Lathyrus","Accepted","MATCH"
"Lathyrus niger niger","Lathyrus niger","wfo-0000212694","species","(L.) Bernh.","Fabaceae","Lathyrus","Accepted","FUZZY"
"Lathyrus nissolia","Lathyrus nissolia","wfo-0000212696","species","L.","Fabaceae","Lathyrus","Accepted","MATCH"
"Lathyrus ochrus","Lathyrus ochrus","wfo-0000212699","species","(L.) DC.","Fabaceae","Lathyrus","Accepted","MATCH"
"Lathyrus odoratus","Lathyrus odoratus","wfo-0000212700","species","L.","Fabaceae","Lathyrus","Accepted","MATCH"
"Lathyrus oleraceus","Lathyrus oleraceus","wfo-0000214337","species","Lam.","Fabaceae","Lathyrus","Accepted","MATCH"
"Lathyrus palustris","Lathyrus palustris","wfo-0000213816","species","L.","Fabaceae","Lathyrus","Accepted","MATCH"
"Lathyrus pratensis","Lathyrus pratensis","wfo-0000212701","species","L.","Fabaceae","Lathyrus","Accepted","MATCH"
"Lathyrus pratensis pratensis","Lathyrus pratensis","wfo-0000212701","species","L.","Fabaceae","Lathyrus","Accepted","FUZZY"
"Lathyrus sativa","Lathyrus sativus","wfo-0000212703","species","L.","Fabaceae","Lathyrus","Accepted","FUZZY"
"Lathyrus sativus","Lathyrus sativus","wfo-0000212703","species","L.","Fabaceae","Lathyrus","Accepted","MATCH"
"Lathyrus setifolius","Lathyrus setifolius","wfo-0000212705","species","L.","Fabaceae","Lathyrus","Accepted","MATCH"
"Lathyrus sphaericus","Lathyrus sphaericus","wfo-0000212706","species","Retz.","Fabaceae","Lathyrus","Accepted","MATCH"
"Lathyrus sylvestris","Lathyrus sylvestris","wfo-0000213824","species","L.","Fabaceae","Lathyrus","Accepted","MATCH"
"Lathyrus tuberosus","Lathyrus tuberosus","wfo-0000213826","species","L.","Fabaceae","Lathyrus","Accepted","MATCH"
"Laurus nobilis","Laurus nobilis","wfo-0000364153","species","L.","Lauraceae","Laurus","Accepted","MATCH"
"Lavandula","Lavandula","wfo-4000020772","genus","L.","Lamiaceae","Lavandula","Accepted","MATCH"
"Lavatera","Malva","wfo-4000022983","genus","L.","Malvaceae","Malva","Accepted","MATCH"
"Lavatera cretica","Malva multiflora","wfo-0000449221","species","(Cav.) Soldano, Banfi & Galasso","Malvaceae","Malva","Accepted","MATCH"
"Lavatera olbia","Malva olbia","wfo-0000449543","species","(L.) Alef.","Malvaceae","Malva","Accepted","MATCH"
"Lavatera punctata","Malva punctata","wfo-0000449529","species","(All.) Alef.","Malvaceae","Malva","Accepted","MATCH"
"Lavatera thuringiaca","Malva thuringiaca","wfo-0001286814","species","(L.) Vis.","Malvaceae","Malva","Accepted","MATCH"
"Leersia oryzoides","Leersia oryzoides","wfo-0000877688","species","(L.) Sw.","Poaceae","Leersia","Accepted","MATCH"
"Legousia","Legousia","wfo-4000020890","genus","Durande","Campanulaceae","Legousia","Accepted","MATCH"
"Legousia falcata","Legousia falcata","wfo-0000814818","species","(Ten.) Fritsch","Campanulaceae","Legousia","Accepted","MATCH"
"Legousia hybrida","Legousia hybrida","wfo-0000814819","species","(L.) Delarbre","Campanulaceae","Legousia","Accepted","MATCH"
"Legousia speculum-veneris","Legousia speculum-veneris","wfo-0000820884","species","(L.) Chaix","Campanulaceae","Legousia","Accepted","MATCH"
"Legousia speculum-veneris speculum-veneris","Legousia speculum-veneris","wfo-0000820884","species","(L.) Chaix","Campanulaceae","Legousia","Accepted","FUZZY"
"Lemna minor","Lemna minor","wfo-0000224440","species","L.","Araceae","Lemna","Accepted","MATCH"
"Lemna trisulca","Lemna trisulca","wfo-0000224474","species","L.","Araceae","Lemna","Accepted","MATCH"
"Lencanthemum vulgare","Leucanthemum vulgare","wfo-0000036932","species","Lam.","Asteraceae","Leucanthemum","Accepted","FUZZY"
"Lens culinaris","Vicia lens","wfo-0000212728","species","(L.) Coss. & Germ.","Fabaceae","Vicia","Accepted","MATCH"
"Leontodon","Leontodon","wfo-4000021031","genus","L.","Asteraceae","Leontodon","Accepted","MATCH"
"Leontodon autumnale","Scorzoneroides autumnalis","wfo-0000022256","species","(L.) Moench","Asteraceae","Scorzoneroides","Accepted","FUZZY"
"Leontodon autumnalis","Scorzoneroides autumnalis","wfo-0000022256","species","(L.) Moench","Asteraceae","Scorzoneroides","Accepted","MATCH"
"Leontodon hirtus","Leontodon hirtus","wfo-0000015660","species","L.","Asteraceae","Leontodon","Accepted","MATCH"
"Leontodon hispidus","Leontodon hispidus","wfo-0000018147","species","L.","Asteraceae","Leontodon","Accepted","MATCH"
"Leontodon hispidus hispidus","Leontodon hispidus","wfo-0000018147","species","L.","Asteraceae","Leontodon","Accepted","FUZZY"
"Leontodon saxatilis","Leontodon saxatilis","wfo-0000043980","species","Lam.","Asteraceae","Leontodon","Accepted","MATCH"
"Leontodon saxatilis saxatilis","Leontodon saxatilis","wfo-0000043980","species","Lam.","Asteraceae","Leontodon","Accepted","FUZZY"
"Leontodon taraxacoides hispidus","Taraxacum taraxacoides","wfo-0000008241","species","(Hoppe & Hornsch.) Willk.","Asteraceae","Taraxacum","Accepted","FUZZY"
"Leontodon taraxacoides taraxacoides","Taraxacum taraxacoides","wfo-0000008241","species","(Hoppe & Hornsch.) Willk.","Asteraceae","Taraxacum","Accepted","FUZZY"
"Leopoldia comosa","Muscari comosum","wfo-0000693046","species","(L.) Mill.","Asparagaceae","Muscari","Accepted","MATCH"
"Lepidium","Lepidium","wfo-4000021089","genus","L.","Brassicaceae","Lepidium","Accepted","MATCH"
"Lepidium campestre","Lepidium campestre","wfo-0000358297","species","(L.) W.T.Aiton","Brassicaceae","Lepidium","Accepted","MATCH"
"Lepidium coronopus","Lepidium coronopus","wfo-0000367646","species","(L.) Al-Shehbaz","Brassicaceae","Lepidium","Accepted","MATCH"
"Lepidium densiflorum densiflorum","Lepidium densiflorum","wfo-0000358306","species","Schrad.","Brassicaceae","Lepidium","Accepted","FUZZY"
"Lepidium didymum","Lepidium didymum","wfo-0000358253","species","L.","Brassicaceae","Lepidium","Accepted","MATCH"
"Lepidium draba","Lepidium draba","wfo-0000361312","species","L.","Brassicaceae","Lepidium","Accepted","MATCH"
"Lepidium graminifolium","Lepidium graminifolium","wfo-0000358275","species","L.","Brassicaceae","Lepidium","Accepted","MATCH"
"Lepidium heterophyllum","Lepidium heterophyllum","wfo-0000358278","species","Benth.","Brassicaceae","Lepidium","Accepted","MATCH"
"Lepidium latifolium","Lepidium latifolium","wfo-0000358409","species","L.","Brassicaceae","Lepidium","Accepted","MATCH"
"Lepidium ruderale","Lepidium ruderale","wfo-0000358755","species","L.","Brassicaceae","Lepidium","Accepted","MATCH"
"Lepidium squamatum","Lepidium coronopus","wfo-0000367646","species","(L.) Al-Shehbaz","Brassicaceae","Lepidium","Accepted","MATCH"
"Leucanthemum","Leucanthemum","wfo-4000021491","genus","Mill.","Asteraceae","Leucanthemum","Accepted","MATCH"
"Leucanthemum ircutianum","Leucanthemum ircutianum","wfo-0000092791","species","DC.","Asteraceae","Leucanthemum","Accepted","MATCH"
"Leucanthemum vulgare","Leucanthemum vulgare","wfo-0000036932","species","Lam.","Asteraceae","Leucanthemum","Accepted","MATCH"
"Leucanthemum x superbum","Leucanthemum superbum","wfo-0000069651","species","(Bergmans ex J.W.Ingram) D.H.Kent","Asteraceae","Leucanthemum","Accepted","FUZZY"
"Ligustrum","Ligustrum","wfo-4000021729","genus","L.","Oleaceae","Ligustrum","Accepted","MATCH"
"Ligustrum lucidum","Ligustrum lucidum","wfo-0000816294","species","W.T.Aiton","Oleaceae","Ligustrum","Accepted","MATCH"
"Ligustrum vulgare","Ligustrum vulgare","wfo-0000815984","species","L.","Oleaceae","Ligustrum","Accepted","MATCH"
"Liliaceae","Liliaceae","wfo-7000000336","family","Juss.","Liliaceae","","Accepted","MATCH"
"Lilium","Lilium","wfo-4000021746","genus","L.","Liliaceae","Lilium","Accepted","MATCH"
"Linaria","Linaria","wfo-4000021818","genus","Mill.","Plantaginaceae","Linaria","Accepted","MATCH"
"Linaria amethystea","Linaria amethystea","wfo-0000445780","species","(Vent.) Hoffmanns. & Link","Plantaginaceae","Linaria","Accepted","MATCH"
"Linaria angustissima","Linaria angustissima","wfo-0000445772","species","(Loisel.) Borbás","Plantaginaceae","Linaria","Accepted","MATCH"
"Linaria arvensis","Linaria arvensis","wfo-0000445788","species","(L.) Desf.","Plantaginaceae","Linaria","Accepted","MATCH"
"Linaria chalepensis","Linaria chalepensis","wfo-0000445727","species","(L.) Mill.","Plantaginaceae","Linaria","Accepted","MATCH"
"Linaria hirta","Linaria hirta","wfo-0000446664","species","(L.) Moench","Plantaginaceae","Linaria","Accepted","MATCH"
"Linaria latifolia","Linaria latifolia","wfo-0000446620","species","Desf.","Plantaginaceae","Linaria","Accepted","MATCH"
"Linaria micrantha","Linaria micrantha","wfo-0000446734","species","(Cav.) Hoffmanns. & Link","Plantaginaceae","Linaria","Accepted","MATCH"
"Linaria pelisseriana","Linaria pelisseriana","wfo-0000447036","species","(L.) Mill.","Plantaginaceae","Linaria","Accepted","MATCH"
"Linaria purpurea","Linaria purpurea","wfo-0000447110","species","(L.) Mill.","Plantaginaceae","Linaria","Accepted","MATCH"
"Linaria reflexa","Linaria reflexa","wfo-0000447114","species","(L.) Chaz.","Plantaginaceae","Linaria","Accepted","MATCH"
"Linaria repens","Linaria repens","wfo-0000447080","species","(L.) Mill.","Plantaginaceae","Linaria","Accepted","MATCH"
"Linaria simplex","Linaria simplex","wfo-0000446930","species","Desf.","Plantaginaceae","Linaria","Accepted","MATCH"
"Linaria supina","Linaria supina","wfo-0000446895","species","(L.) Chaz.","Plantaginaceae","Linaria","Accepted","MATCH"
"Linaria vulgaris","Linaria vulgaris","wfo-0000446438","species","Mill.","Plantaginaceae","Linaria","Accepted","MATCH"
"Lindernia dubia","Lindernia dubia","wfo-0000446478","species","(L.) Pennell","Linderniaceae","Lindernia","Accepted","MATCH"
"Linum","Linum","wfo-4000021903","genus","L.","Linaceae","Linum","Accepted","MATCH"
"Linum bienne","Linum bienne","wfo-0000363872","species","Mill.","Linaceae","Linum","Accepted","MATCH"
"Linum catharticum","Linum catharticum","wfo-0000363831","species","L.","Linaceae","Linum","Accepted","MATCH"
"Linum leonii","Linum leonii","wfo-0000363312","species","F.W.Schultz","Linaceae","Linum","Accepted","MATCH"
"Linum narbonense","Linum narbonense","wfo-0000363269","species","L.","Linaceae","Linum","Accepted","MATCH"
"Linum perenne","Linum perenne","wfo-0000363378","species","L.","Linaceae","Linum","Accepted","MATCH"
"Linum strictum","Linum strictum","wfo-0000363353","species","L.","Linaceae","Linum","Accepted","MATCH"
"Linum tenuifolium","Linum tenuifolium","wfo-0000366417","species","L.","Linaceae","Linum","Accepted","MATCH"
"Linum usitatissimum","Linum usitatissimum","wfo-0000366385","species","L.","Linaceae","Linum","Accepted","MATCH"
"Linum usitatissimum angustifolium","Linum bienne","wfo-0000363872","species","Mill.","Linaceae","Linum","Accepted","FUZZY"
"Lipandra polysperma","Lipandra polysperma","wfo-0001302716","species","(L.) S.Fuentes, Uotila & Borsch","Chenopodiaceae","Lipandra","Accepted","MATCH"
"Listera ovata","Neottia ovata","wfo-0000250598","species","Bluff & Fingerh.","Orchidaceae","Neottia","Accepted","MATCH"
"Lithospermum arvense","Buglossoides arvensis","wfo-0000574420","species","(L.) I.M.Johnst.","Boraginaceae","Buglossoides","Accepted","MATCH"
"Lobularia maritima","Lobularia maritima","wfo-0000358665","species","(L.) Desv.","Brassicaceae","Lobularia","Accepted","MATCH"
"Logfia arvensis","Filago arvensis","wfo-0000124987","species","L.","Asteraceae","Filago","Accepted","MATCH"
"Logfia gallica","Logfia gallica","wfo-0000036457","species","(L.) Coss. & Germ.","Asteraceae","Logfia","Accepted","MATCH"
"Lolium","Lolium","wfo-4000022095","genus","L.","Poaceae","Lolium","Accepted","MATCH"
"Lolium arundinaceum","Lolium arundinaceum","wfo-0000878351","species","(Schreb.) Darbysh.","Poaceae","Lolium","Accepted","MATCH"
"Lolium giganteum","Lolium giganteum","wfo-0000878391","species","(L.) Darbysh.","Poaceae","Lolium","Accepted","MATCH"
"Lolium multiflorum","Lolium multiflorum","wfo-0000878425","species","Lam.","Poaceae","Lolium","Accepted","MATCH"
"Lolium perenne","Lolium perenne","wfo-0000878441","species","L.","Poaceae","Lolium","Accepted","MATCH"
"Lolium pratense","Lolium pratense","wfo-0000878460","species","(Huds.) Darbysh.","Poaceae","Lolium","Accepted","MATCH"
"Lolium remotum","Lolium remotum","wfo-0000878464","species","Schrank","Poaceae","Lolium","Accepted","MATCH"
"Lolium rigidum","Lolium rigidum","wfo-0000878467","species","Gaudin","Poaceae","Lolium","Accepted","MATCH"
"Lolium temulentum","Lolium temulentum","wfo-0000878503","species","L.","Poaceae","Lolium","Accepted","MATCH"
"Lolium x boucheanum","Lolium boucheanum","wfo-0000878356","species","Kunth","Poaceae","Lolium","Accepted","FUZZY"
"Loncomelos narbonensis","Loncomelos narbonense","wfo-0000678643","species","(L.) Raf.","Asparagaceae","Loncomelos","Accepted","FUZZY"
"Loncomelos pyrenaicus","Loncomelos pyrenaicum","wfo-0000687118","species","(L.) L.D.Hrouda","Asparagaceae","Loncomelos","Accepted","FUZZY"
"Lonicera","Lonicera","wfo-4000022170","genus","L.","Caprifoliaceae","Lonicera","Accepted","MATCH"
"Lonicera japonica","Lonicera japonica","wfo-0000359579","species","Thunb.","Caprifoliaceae","Lonicera","Accepted","MATCH"
"Lonicera periclymenum","Lonicera periclymenum","wfo-0000367818","species","L.","Caprifoliaceae","Lonicera","Accepted","MATCH"
"Lonicera xylosteum","Lonicera xylosteum","wfo-0000361644","species","L.","Caprifoliaceae","Lonicera","Accepted","MATCH"
"Lotus","Lotus","wfo-4000022302","genus","L.","Fabaceae","Lotus","Accepted","MATCH"
"Lotus angustissimus","Lotus angustissimus","wfo-0001060764","species","L.","Fabaceae","Lotus","Accepted","MATCH"
"Lotus angustissimus hispidus","Lotus angustissimus","wfo-0001060764","species","L.","Fabaceae","Lotus","Accepted","FUZZY"
"Lotus castellanus","Lotus castellanus","wfo-0000212165","species","Boiss. & Reut.","Fabaceae","Lotus","Accepted","MATCH"
"Lotus corniculatus","Lotus corniculatus","wfo-0000212180","species","L.","Fabaceae","Lotus","Accepted","MATCH"
"Lotus corniculatus corniculatus","Lotus corniculatus","wfo-0000212180","species","L.","Fabaceae","Lotus","Accepted","FUZZY"
"Lotus corniculatus tenuifolius","Lotus tenuis","wfo-0001053826","species","Waldst. & Kit. ex Willd.","Fabaceae","Lotus","Accepted","FUZZY"
"Lotus corniculatus tenuis","Lotus corniculatus","wfo-0000212180","species","L.","Fabaceae","Lotus","Accepted","FUZZY"
"Lotus dorycnium","Lotus dorycnium","wfo-0000209346","species","L.","Fabaceae","Lotus","Accepted","MATCH"
"Lotus edulis","Lotus edulis","wfo-0000212191","species","L.","Fabaceae","Lotus","Accepted","MATCH"
"Lotus hirsutus","Lotus hirsutus","wfo-0000212135","species","L.","Fabaceae","Lotus","Accepted","MATCH"
"Lotus hispidus","Lotus palustris","wfo-0000212227","species","Willd.","Fabaceae","Lotus","Accepted","MATCH"
"Lotus maritimus","Lotus maritimus","wfo-0000212213","species","L.","Fabaceae","Lotus","Accepted","MATCH"
"Lotus ornithopodioides","Lotus ornithopodioides","wfo-0000212225","species","L.","Fabaceae","Lotus","Accepted","MATCH"
"Lotus parviflorus","Lotus parviflorus","wfo-0000212229","species","Desf.","Fabaceae","Lotus","Accepted","MATCH"
"Lotus pedunculatus","Lotus pedunculatus","wfo-0000212230","species","Cav.","Fabaceae","Lotus","Accepted","MATCH"
"Lotus rectus","Lotus rectus","wfo-0000212142","species","L.","Fabaceae","Lotus","Accepted","MATCH"
"Lotus tenuis","Lotus tenuis","wfo-0001053826","species","Waldst. & Kit. ex Willd.","Fabaceae","Lotus","Accepted","MATCH"
"Lunaria","Lunaria","wfo-4000022427","genus","Tourn. ex L.","Brassicaceae","Lunaria","Accepted","MATCH"
"Lunaria annua","Lunaria annua","wfo-0000362471","species","L.","Brassicaceae","Lunaria","Accepted","MATCH"
"Lupinus","Lupinus","wfo-4000022442","genus","L.","Fabaceae","Lupinus","Accepted","MATCH"
"Lupinus albus","Lupinus albus","wfo-0000213483","species","L.","Fabaceae","Lupinus","Accepted","MATCH"
"Lupinus angustifolius","Lupinus angustifolius","wfo-0000213485","species","L.","Fabaceae","Lupinus","Accepted","MATCH"
"Lupinus angustifolius reticulatus","Lupinus angustifolius","wfo-0000213485","species","L.","Fabaceae","Lupinus","Accepted","FUZZY"
"Lupinus luteus","Lupinus luteus","wfo-0000213494","species","L.","Fabaceae","Lupinus","Accepted","MATCH"
"Luzula","Luzula","wfo-4000022464","genus","DC.","Juncaceae","Luzula","Accepted","MATCH"
"Luzula campestris","Luzula campestris","wfo-0000777662","species","(L.) DC.","Juncaceae","Luzula","Accepted","MATCH"
"Luzula multiflora","Luzula multiflora","wfo-0000777930","species","(Ehrh.) Lej.","Juncaceae","Luzula","Accepted","MATCH"
"Luzula multiflora multiflora","Luzula multiflora","wfo-0000777930","species","(Ehrh.) Lej.","Juncaceae","Luzula","Accepted","FUZZY"
"Lycopersicon esculentum","Solanum lycopersicum","wfo-0001029216","species","L.","Solanaceae","Solanum","Accepted","MATCH"
"Lycopsis arvensis","Anchusa arvensis","wfo-0000533553","species","(L.) M.Bieb.","Boraginaceae","Anchusa","Accepted","MATCH"
"Lycopus europaeus","Lycopus europaeus","wfo-0000231391","species","L.","Lamiaceae","Lycopus","Accepted","MATCH"
"Lysimachia","Lysimachia","wfo-4000022565","genus","L.","Primulaceae","Lysimachia","Accepted","MATCH"
"Lysimachia arvensis","Lysimachia arvensis","wfo-0000744184","species","(L.) U.Manns & Anderb.","Primulaceae","Lysimachia","Accepted","MATCH"
"Lysimachia arvensis arvensis","Lysimachia arvensis","wfo-0000744184","species","(L.) U.Manns & Anderb.","Primulaceae","Lysimachia","Accepted","FUZZY"
"Lysimachia arvensis caerulea","Lysimachia arvensis","wfo-0000744184","species","(L.) U.Manns & Anderb.","Primulaceae","Lysimachia","Accepted","FUZZY"
"Lysimachia foemina","Lysimachia foemina","wfo-0000744194","species","(Mill.) U.Manns & Anderb.","Primulaceae","Lysimachia","Accepted","MATCH"
"Lysimachia nummularia","Lysimachia nummularia","wfo-0000442792","species","L.","Primulaceae","Lysimachia","Accepted","MATCH"
"Lysimachia punctata","Lysimachia punctata","wfo-0000442390","species","L.","Primulaceae","Lysimachia","Accepted","MATCH"
"Lysimachia vulgaris","Lysimachia vulgaris","wfo-0000442301","species","L.","Primulaceae","Lysimachia","Accepted","MATCH"
"Lythrum","Lythrum","wfo-4000022585","genus","L.","Lythraceae","Lythrum","Accepted","MATCH"
"Lythrum acutangulum","Lythrum acutangulum","wfo-0000366744","species","Lag.","Lythraceae","Lythrum","Accepted","MATCH"
"Lythrum borysthenicum","Lythrum borysthenicum","wfo-0000745271","species","(Schrank) Litv.","Lythraceae","Lythrum","Accepted","MATCH"
"Lythrum hyssopifolia","Lythrum hyssopifolia","wfo-0000366897","species","L.","Lythraceae","Lythrum","Accepted","MATCH"
"Lythrum salicaria","Lythrum salicaria","wfo-0000366878","species","L.","Lythraceae","Lythrum","Accepted","MATCH"
"Lythrum virgatum","Lythrum virgatum","wfo-0000366909","species","L.","Lythraceae","Lythrum","Accepted","MATCH"
"Malcolmia africana","Strigosella africana","wfo-0000432092","species","(L.) Botsch.","Brassicaceae","Strigosella","Accepted","MATCH"
"Malcolmia littorea","Marcus-kochia littorea","wfo-0001343025","species","(L.) Al-Shehbaz","Brassicaceae","Marcus-kochia","Accepted","MATCH"
"Malus","Malus","wfo-4000022982","genus","Mill.","Rosaceae","Malus","Accepted","MATCH"
"Malus domestica","Malus domestica","wfo-0000995164","species","Baumg.","Rosaceae","Malus","Unchecked","MATCH"
"Malus sylvestris","Malus sylvestris","wfo-0001016475","species","(L.) Mill.","Rosaceae","Malus","Accepted","MATCH"
"Malva","Malva","wfo-4000022983","genus","L.","Malvaceae","Malva","Accepted","MATCH"
"Malva alcea","Malva alcea","wfo-0000449278","species","L.","Malvaceae","Malva","Accepted","MATCH"
"Malva arborea","Malva arborea","wfo-0000449295","species","(L.) Webb & Berthel.","Malvaceae","Malva","Accepted","MATCH"
"Malva cretica","Malva cretica","wfo-0000449341","species","Cav.","Malvaceae","Malva","Accepted","MATCH"
"Malva linnaei","Malva multiflora","wfo-0000449221","species","(Cav.) Soldano, Banfi & Galasso","Malvaceae","Malva","Accepted","MATCH"
"Malva moschata","Malva moschata","wfo-0000449199","species","L.","Malvaceae","Malva","Accepted","MATCH"
"Malva multiflora","Malva multiflora","wfo-0000449221","species","(Cav.) Soldano, Banfi & Galasso","Malvaceae","Malva","Accepted","MATCH"
"Malva neglecta","Malva neglecta","wfo-0000449218","species","Wallr.","Malvaceae","Malva","Accepted","MATCH"
"Malva nicaeensis","Malva nicaeensis","wfo-0000449449","species","All.","Malvaceae","Malva","Accepted","MATCH"
"Malva olbia","Malva olbia","wfo-0000449543","species","(L.) Alef.","Malvaceae","Malva","Accepted","MATCH"
"Malva parviflora","Malva parviflora","wfo-0000449230","species","L.","Malvaceae","Malva","Accepted","MATCH"
"Malva punctata","Malva punctata","wfo-0000449529","species","(All.) Alef.","Malvaceae","Malva","Accepted","MATCH"
"Malva pusilla","Malva pusilla","wfo-0000449525","species","Sm.","Malvaceae","Malva","Accepted","MATCH"
"Malva setigera","Malva setigera","wfo-0000449618","species","K.F.Schimp. & Spenn.","Malvaceae","Malva","Accepted","MATCH"
"Malva sylvestris","Malva sylvestris","wfo-0000449636","species","L.","Malvaceae","Malva","Accepted","MATCH"
"Malva thuringiaca","Malva thuringiaca","wfo-0001286814","species","(L.) Vis.","Malvaceae","Malva","Accepted","MATCH"
"Mantisalca salmantica","Mantisalca salmantica","wfo-0000082784","species","(L.) Briq. & Cavill.","Asteraceae","Mantisalca","Accepted","MATCH"
"Marchantia polymorpha ruderalis","Marchantia polymorpha","wfo-0001196533","species","L.","Marchantiaceae","Marchantia","Accepted","FUZZY"
"Marrubium","Marrubium","wfo-4000023200","genus","L.","Lamiaceae","Marrubium","Accepted","MATCH"
"Marrubium vulgare","Marrubium vulgare","wfo-0000236711","species","L.","Lamiaceae","Marrubium","Accepted","MATCH"
"Matricaria","Matricaria","wfo-4000023328","genus","L.","Asteraceae","Matricaria","Accepted","MATCH"
"Matricaria chamomilla","Matricaria chamomilla","wfo-0000003146","species","L.","Asteraceae","Matricaria","Accepted","MATCH"
"Matricaria discoidea","Matricaria discoidea","wfo-0000028105","species","DC.","Asteraceae","Matricaria","Accepted","MATCH"
"Matricaria maritima maritima x inodorum","Tripleurospermum maritimum","wfo-0000063085","species","(L.) W.D.J.Koch","Asteraceae","Tripleurospermum","Accepted","FUZZY"
"Matricaria matricarioides","Matricaria matricarioides","wfo-0000001305","species","(Less.) Porter","Asteraceae","Matricaria","Accepted","MATCH"
"Matricaria perforata","Tripleurospermum inodorum","wfo-0000014118","species","(L.) Sch.Bip.","Asteraceae","Tripleurospermum","Accepted","MATCH"
"Matricaria recutita","Matricaria recutita","wfo-0000106468","species","L.","Asteraceae","Matricaria","Unchecked","MATCH"
"Matricaria recutita recutita","Matricaria recutita","wfo-0000106468","species","L.","Asteraceae","Matricaria","Unchecked","FUZZY"
"Matthiola","Matthiola","wfo-4000023337","genus","W.T.Aiton","Brassicaceae","Matthiola","Accepted","MATCH"
"Meconopsis cambrica","Parameconopsis cambrica","wfo-0001340903","species","(L.) Grey-Wilson","Papaveraceae","Parameconopsis","Accepted","MATCH"
"Medicago","Medicago","wfo-4000023435","genus","L.","Fabaceae","Medicago","Accepted","MATCH"
"Medicago arabica","Medicago arabica","wfo-0000213417","species","(L.) Huds.","Fabaceae","Medicago","Accepted","MATCH"
"Medicago disciformis","Medicago disciformis","wfo-0000213422","species","DC.","Fabaceae","Medicago","Accepted","MATCH"
"Medicago doliata","Medicago doliata","wfo-0000213423","species","Carmign.","Fabaceae","Medicago","Accepted","MATCH"
"Medicago falcata","Medicago falcata","wfo-0000213426","species","L.","Fabaceae","Medicago","Accepted","MATCH"
"Medicago intertexta ciliaris","Medicago intertexta","wfo-0000213437","species","(L.) Mill.","Fabaceae","Medicago","Accepted","FUZZY"
"Medicago laciniata","Medicago laciniata","wfo-0000213448","species","(L.) Mill.","Fabaceae","Medicago","Accepted","MATCH"
"Medicago littoralis","Medicago littoralis","wfo-0000213450","species","Rohde ex Loisel.","Fabaceae","Medicago","Accepted","MATCH"
"Medicago lupulina","Medicago lupulina","wfo-0000213454","species","L.","Fabaceae","Medicago","Accepted","MATCH"
"Medicago lupulina lupulina","Medicago lupulina","wfo-0000213454","species","L.","Fabaceae","Medicago","Accepted","FUZZY"
"Medicago minima","Medicago minima","wfo-0000188776","species","(L.) Bartal.","Fabaceae","Medicago","Accepted","MATCH"
"Medicago monspeliaca","Medicago monspeliaca","wfo-0000186593","species","(L.) Trautv.","Fabaceae","Medicago","Accepted","MATCH"
"Medicago murex","Medicago murex","wfo-0000213458","species","Willd.","Fabaceae","Medicago","Accepted","MATCH"
"Medicago orbicularis","Medicago orbicularis","wfo-0000213459","species","(L.) Bartal.","Fabaceae","Medicago","Accepted","MATCH"
"Medicago polyceratia","Medicago polyceratia","wfo-0000185446","species","(L.) Sauvages ex Trautv.","Fabaceae","Medicago","Accepted","MATCH"
"Medicago polymorpha","Medicago polymorpha","wfo-0000213460","species","L.","Fabaceae","Medicago","Accepted","MATCH"
"Medicago polymorpha microcarpa","Medicago polymorpha","wfo-0000213460","species","L.","Fabaceae","Medicago","Accepted","FUZZY"
"Medicago polymorpha polycarpa","Medicago polymorpha","wfo-0000213460","species","L.","Fabaceae","Medicago","Accepted","FUZZY"
"Medicago praecox","Medicago praecox","wfo-0000213855","species","DC.","Fabaceae","Medicago","Accepted","MATCH"
"Medicago rigidula","Medicago rigidula","wfo-0000213465","species","(L.) All.","Fabaceae","Medicago","Accepted","MATCH"
"Medicago rugosa","Medicago rugosa","wfo-0000213467","species","Desr.","Fabaceae","Medicago","Accepted","MATCH"
"Medicago sativa","Medicago sativa","wfo-0000213468","species","L.","Fabaceae","Medicago","Accepted","MATCH"
"Medicago sativa ambigua","Medicago sativa","wfo-0000213468","species","L.","Fabaceae","Medicago","Accepted","FUZZY"
"Medicago sativa falcata","Medicago sativa","wfo-0000213468","species","L.","Fabaceae","Medicago","Accepted","FUZZY"
"Medicago sativa nothosubsp media","Medicago sativa","wfo-0000213468","species","L.","Fabaceae","Medicago","Accepted","FUZZY"
"Medicago sativa nothosubsp varia","Medicago sativa","wfo-0000213468","species","L.","Fabaceae","Medicago","Accepted","FUZZY"
"Medicago sativa sativa","Medicago sativa","wfo-0000213468","species","L.","Fabaceae","Medicago","Accepted","FUZZY"
"Medicago sativa varia","Medicago sativa subsp. sativa","wfo-0000213469","subspecies","","Fabaceae","Medicago","Accepted","FUZZY"
"Medicago scutellata","Medicago scutellata","wfo-0000213473","species","(L.) Mill.","Fabaceae","Medicago","Accepted","MATCH"
"Medicago truncatula","Medicago truncatula","wfo-0000213477","species","Gaertn.","Fabaceae","Medicago","Accepted","MATCH"
"Medicago turbinata","Medicago turbinata","wfo-0001055366","species","(L.) All.","Fabaceae","Medicago","Accepted","MATCH"
"Melampyrum","Melampyrum","wfo-4000023568","genus","L.","Orobanchaceae","Melampyrum","Accepted","MATCH"
"Melampyrum arvense","Melampyrum arvense","wfo-0001137337","species","L.","Orobanchaceae","Melampyrum","Accepted","MATCH"
"Melia azedarach","Melia azedarach","wfo-0000450150","species","L.","Meliaceae","Melia","Accepted","MATCH"
"Melica ciliata","Melica ciliata","wfo-0000879094","species","L.","Poaceae","Melica","Accepted","MATCH"
"Melica ciliata ciliata","Melica ciliata","wfo-0000879094","species","L.","Poaceae","Melica","Accepted","FUZZY"
"Melica nutans","Melica nutans","wfo-0000879316","species","L.","Poaceae","Melica","Accepted","MATCH"
"Melica transsilvanica","Melica transsilvanica","wfo-0000879469","species","Schur","Poaceae","Melica","Accepted","MATCH"
"Melica uniflora","Melica uniflora","wfo-0000879476","species","Retz.","Poaceae","Melica","Accepted","MATCH"
"Melilotus","Melilotus","wfo-4000023647","genus","Mill.","Fabaceae","Melilotus","Accepted","MATCH"
"Melilotus alba","Melilotus albus","wfo-0000212815","species","Medik.","Fabaceae","Melilotus","Accepted","MATCH"
"Melilotus albus","Melilotus albus","wfo-0000212815","species","Medik.","Fabaceae","Melilotus","Accepted","MATCH"
"Melilotus indicus","Melilotus indicus","wfo-0000185378","species","(L.) All.","Fabaceae","Melilotus","Accepted","MATCH"
"Melilotus officinalis","Melilotus officinalis","wfo-0000213864","species","(L.) Pall.","Fabaceae","Melilotus","Accepted","MATCH"
"Melilotus spicatus","Melilotus neapolitanus","wfo-0000185391","species","Ten. ex Guss.","Fabaceae","Melilotus","Accepted","MATCH"
"Melilotus sulcatus","Melilotus sulcatus","wfo-0000185398","species","Desf.","Fabaceae","Melilotus","Accepted","MATCH"
"Melissa officinalis","Melissa officinalis","wfo-0000240053","species","L.","Lamiaceae","Melissa","Accepted","MATCH"
"Melissa officinalis altissima","Melissa officinalis","wfo-0000240053","species","L.","Lamiaceae","Melissa","Accepted","FUZZY"
"Melissa officinalis officinalis","Melissa officinalis","wfo-0000240053","species","L.","Lamiaceae","Melissa","Accepted","FUZZY"
"Melittis melissophyllum","Melittis melissophyllum","wfo-0000240105","species","L.","Lamiaceae","Melittis","Accepted","MATCH"
"Melomphis arabica","Melomphis arabica","wfo-0000689140","species","(L.) Raf.","Asparagaceae","Melomphis","Accepted","MATCH"
"Mentha","Mentha","wfo-4000023748","genus","L.","Lamiaceae","Mentha","Accepted","MATCH"
"Mentha aquatica","Mentha aquatica","wfo-0000240328","species","L.","Lamiaceae","Mentha","Accepted","MATCH"
"Mentha arvensis","Mentha arvensis","wfo-0000240349","species","L.","Lamiaceae","Mentha","Accepted","MATCH"
"Mentha longifolia","Mentha longifolia","wfo-0001069664","species","(L.) L.","Lamiaceae","Mentha","Accepted","MATCH"
"Mentha pulegium","Mentha pulegium","wfo-0000241235","species","L.","Lamiaceae","Mentha","Accepted","MATCH"
"Mentha spicata","Mentha spicata","wfo-0000241390","species","L.","Lamiaceae","Mentha","Accepted","MATCH"
"Mentha suaveolens","Mentha suaveolens","wfo-0000241424","species","Ehrh.","Lamiaceae","Mentha","Accepted","MATCH"
"Mentha suaveolens suaveolens","Mentha suaveolens","wfo-0000241424","species","Ehrh.","Lamiaceae","Mentha","Accepted","FUZZY"
"Mentha x piperita","Mentha × piperita","wfo-0000241184","species","L.","Lamiaceae","Mentha","Accepted","FUZZY"
"Mentha x villosa","Mentha × villosa","wfo-0000241572","species","Huds.","Lamiaceae","Mentha","Accepted","FUZZY"
"Mercurialis","Mercurialis","wfo-4000023775","genus","L.","Euphorbiaceae","Mercurialis","Accepted","MATCH"
"Mercurialis annua","Mercurialis annua","wfo-0000241716","species","L.","Euphorbiaceae","Mercurialis","Accepted","MATCH"
"Mercurialis annua annua","Mercurialis annua","wfo-0000241716","species","L.","Euphorbiaceae","Mercurialis","Accepted","FUZZY"
"Mercurialis perennis","Mercurialis perennis","wfo-0000241769","species","L.","Euphorbiaceae","Mercurialis","Accepted","MATCH"
"Meum athamanticum","Meum athamanticum","wfo-0000372873","species","Jacq.","Apiaceae","Meum","Accepted","MATCH"
"Mibora minima","Mibora minima","wfo-0000879833","species","(L.) Desv.","Poaceae","Mibora","Accepted","MATCH"
"Micromeria graeca","Micromeria graeca","wfo-0000243277","species","(L.) Benth. ex Rchb.","Lamiaceae","Micromeria","Accepted","MATCH"
"Micropyrum tenellum","Festuca lachenalii","wfo-0000870865","species","(C.C.Gmel.) Spenn.","Poaceae","Festuca","Accepted","MATCH"
"Microrrhinum minus","Chaenorhinum minus","wfo-0000598753","species","(L.) Lange","Plantaginaceae","Chaenorhinum","Accepted","MATCH"
"Microthlaspi perfoliatum","Microthlaspi perfoliatum","wfo-0000369668","species","(L.) F.K.Mey.","Brassicaceae","Microthlaspi","Accepted","MATCH"
"Milium","Milium","wfo-4000024295","genus","L.","Poaceae","Milium","Accepted","MATCH"
"Mimulus moschatus","Erythranthe moschata","wfo-0001333267","species","(Douglas ex Lindl.) G.L.Nesom","Phrymaceae","Erythranthe","Accepted","MATCH"
"Minuartia","Minuartia","wfo-4000024350","genus","Loefl.","Caryophyllaceae","Minuartia","Accepted","MATCH"
"Minuartia campestris","Minuartia campestris","wfo-0000375605","species","L.","Caryophyllaceae","Minuartia","Accepted","MATCH"
"Minuartia hybrida","Sabulina tenuifolia subsp. hybrida","wfo-1200115314","subspecies","(Vill.) Dillenb.","Caryophyllaceae","Sabulina","Accepted","MATCH"
"Minuartia hybrida tenuifolia","Sabulina tenuifolia subsp. hybrida","wfo-1200115314","subspecies","(Vill.) Dillenb.","Caryophyllaceae","Sabulina","Accepted","FUZZY"
"Minuartia laricifolia","Cherleria laricifolia","wfo-1000080022","species","(L.) Iamonico","Caryophyllaceae","Cherleria","Accepted","MATCH"
"Minuartia mediterranea","Sabulina mediterranea","wfo-0000438369","species","(Ledeb. ex Link) Rchb.","Caryophyllaceae","Sabulina","Accepted","MATCH"
"Miscanthus sinensis","Miscanthus sinensis","wfo-0000880299","species","Andersson","Poaceae","Miscanthus","Accepted","MATCH"
"Misopates orontium","Misopates orontium","wfo-0000451121","species","(L.) Raf.","Plantaginaceae","Misopates","Accepted","MATCH"
"Moehringia","Moehringia","wfo-4000024528","genus","L.","Caryophyllaceae","Moehringia","Accepted","MATCH"
"Molinia caerulea","Molinia caerulea","wfo-0000880418","species","(L.) Moench","Poaceae","Molinia","Accepted","MATCH"
"Montia arvensis","Montia fontana","wfo-0000452390","species","L.","Montiaceae","Montia","Accepted","MATCH"
"Montia fontana","Montia fontana","wfo-0000452390","species","L.","Montiaceae","Montia","Accepted","MATCH"
"Montia fontana chondrosperma","Montia fontana","wfo-0000452390","species","L.","Montiaceae","Montia","Accepted","FUZZY"
"Morus","Morus","wfo-4000024882","genus","L.","Moraceae","Morus","Accepted","MATCH"
"Morus alba","Morus alba","wfo-0000447905","species","L.","Moraceae","Morus","Accepted","MATCH"
"Morus nigra","Morus nigra","wfo-0000447931","species","L.","Moraceae","Morus","Accepted","MATCH"
"Muscari","Muscari","wfo-4000025015","genus","Mill.","Asparagaceae","Muscari","Accepted","MATCH"
"Muscari botryoides lelievrei","Muscari botryoides","wfo-0000694229","species","(L.) Mill.","Asparagaceae","Muscari","Accepted","FUZZY"
"Muscari comosum","Muscari comosum","wfo-0000693046","species","(L.) Mill.","Asparagaceae","Muscari","Accepted","MATCH"
"Muscari motelayi","Muscari botryoides","wfo-0000694229","species","(L.) Mill.","Asparagaceae","Muscari","Accepted","MATCH"
"Muscari neglectum","Muscari neglectum","wfo-0000694909","species","Guss. ex Ten. & Sangiovanni","Asparagaceae","Muscari","Accepted","MATCH"
"Muscari racemosum","Muscari racemosum","wfo-0000694774","species","Mill.","Asparagaceae","Muscari","Accepted","MATCH"
"Myagrum perfoliatum","Myagrum perfoliatum","wfo-0000368904","species","L.","Brassicaceae","Myagrum","Accepted","MATCH"
"Myosotis","Myosotis","wfo-4000025092","genus","L.","Boraginaceae","Myosotis","Accepted","MATCH"
"Myosotis arvensis","Myosotis arvensis","wfo-0000367842","species","(L.) Hill","Boraginaceae","Myosotis","Accepted","MATCH"
"Myosotis corsicana","Myosotis corsicana","wfo-0000368075","species","(Fiori) Grau","Boraginaceae","Myosotis","Accepted","MATCH"
"Myosotis discolor","Myosotis discolor","wfo-0000368130","species","Pers.","Boraginaceae","Myosotis","Accepted","MATCH"
"Myosotis minutiflora","Myosotis minutiflora","wfo-0000368489","species","Boiss. & Reut.","Boraginaceae","Myosotis","Accepted","MATCH"
"Myosotis palustris","Myosotis scorpioides","wfo-0000368596","species","L.","Boraginaceae","Myosotis","Accepted","MATCH"
"Myosotis ramosissima","Myosotis ramosissima","wfo-0000368563","species","Rochel","Boraginaceae","Myosotis","Accepted","MATCH"
"Myosotis scorpioides","Myosotis scorpioides","wfo-0000368596","species","L.","Boraginaceae","Myosotis","Accepted","MATCH"
"Myosotis stricta","Myosotis stricta","wfo-0000368538","species","Link ex Roem. & Schult.","Boraginaceae","Myosotis","Accepted","MATCH"
"Myosotis sylvatica","Myosotis sylvatica","wfo-0000368542","species","Hoffm.","Boraginaceae","Myosotis","Accepted","MATCH"
"Myosoton aquaticum","Stellaria aquatica","wfo-0000436514","species","Scop.","Caryophyllaceae","Stellaria","Accepted","MATCH"
"Myosurus minimus","Ranunculus minimus","wfo-0000463065","species","E.H.L.Krause","Ranunculaceae","Ranunculus","Accepted","MATCH"
"Myrrhis odorata","Myrrhis odorata","wfo-0000371898","species","(L.) Scop.","Apiaceae","Myrrhis","Accepted","MATCH"
"Nardus stricta","Nardus stricta","wfo-0000881131","species","L.","Poaceae","Nardus","Accepted","MATCH"
"Nasturtium officinale","Nasturtium officinale","wfo-0000380323","species","R.Br.","Brassicaceae","Nasturtium","Accepted","MATCH"
"Nelumbo nucifera","Nelumbo nucifera","wfo-0000382378","species","Gaertn.","Nelumbonaceae","Nelumbo","Accepted","MATCH"
"Neottia ovata","Neottia ovata","wfo-0000250598","species","Bluff & Fingerh.","Orchidaceae","Neottia","Accepted","MATCH"
"Nepeta cataria","Nepeta cataria","wfo-0000250846","species","L.","Lamiaceae","Nepeta","Accepted","MATCH"
"Nepeta nepetella","Nepeta nepetella","wfo-0000251187","species","L.","Lamiaceae","Nepeta","Accepted","MATCH"
"Neslia paniculata","Neslia paniculata","wfo-0000380354","species","(L.) Desv.","Brassicaceae","Neslia","Accepted","MATCH"
"Neslia paniculata thracica","Neslia paniculata","wfo-0000380354","species","(L.) Desv.","Brassicaceae","Neslia","Accepted","FUZZY"
"Nicandra physalodes","Nicandra physalodes","wfo-0001023631","species","(L.) Gaertn.","Solanaceae","Nicandra","Accepted","MATCH"
"Nigella arvensis","Nigella arvensis","wfo-0000380641","species","L.","Ranunculaceae","Nigella","Accepted","MATCH"
"Nigella damascena","Nigella damascena","wfo-0000380636","species","L.","Ranunculaceae","Nigella","Accepted","MATCH"
"Nigella gallica","Nigella gallica","wfo-0000380704","species","Jord.","Ranunculaceae","Nigella","Accepted","MATCH"
"Nigella hispanica","Nigella hispanica","wfo-0000380691","species","L.","Ranunculaceae","Nigella","Accepted","MATCH"
"Nigella hispanica hispanica","Nigella hispanica","wfo-0000380691","species","L.","Ranunculaceae","Nigella","Accepted","FUZZY"
"Nigella hispanica intermedia","Nigella hispanica","wfo-0000380691","species","L.","Ranunculaceae","Nigella","Accepted","FUZZY"
"Nigella hispanica parviflora","Nigella hispanica","wfo-0000380691","species","L.","Ranunculaceae","Nigella","Accepted","FUZZY"
"Nigella nigellastrum","Nigella nigellastrum","wfo-0000380722","species","(L.) Willk.","Ranunculaceae","Nigella","Accepted","MATCH"
"Noccaea caerulescens","Noccaea caerulescens","wfo-0000380465","species","(J.Presl & C.Presl) F.K.Mey.","Brassicaceae","Noccaea","Accepted","MATCH"
"Noccaea perfoliata","Microthlaspi perfoliatum","wfo-0000369668","species","(L.) F.K.Mey.","Brassicaceae","Microthlaspi","Accepted","MATCH"
"Nonea lutea","Nonea lutea","wfo-0000379757","species","(Desr.) DC.","Boraginaceae","Nonea","Accepted","MATCH"
"Nonea pallens","Nonea pallens","wfo-0000379714","species","Petrovič","Boraginaceae","Nonea","Accepted","MATCH"
"Nonea pulla","Nonea pulla","wfo-0000379712","species","(L.) DC.","Boraginaceae","Nonea","Accepted","MATCH"
"Ochlopoa annua","Poa annua","wfo-0000891536","species","L.","Poaceae","Poa","Accepted","MATCH"
"Odontites","Odontites","wfo-4000026581","genus","Ludw.","Orobanchaceae","Odontites","Accepted","MATCH"
"Odontites jaubertianus chrysanthus","Odontites jaubertianus","wfo-0001139096","species","(Boreau) D.Dietr. ex Walp.","Orobanchaceae","Odontites","Accepted","FUZZY"
"Odontites luteus lanceolatus","Odontites luteus","wfo-1200039093","species","(L.) Clairv.","Orobanchaceae","Odontites","Accepted","FUZZY"
"Odontites verna","Odontites vernus","wfo-0001136632","species","(Bellardi) Dumort.","Orobanchaceae","Odontites","Accepted","FUZZY"
"Odontites vernus","Odontites vernus","wfo-0001136632","species","(Bellardi) Dumort.","Orobanchaceae","Odontites","Accepted","MATCH"
"Odontites vernus salinus","Odontites vernus","wfo-0001136632","species","(Bellardi) Dumort.","Orobanchaceae","Odontites","Accepted","FUZZY"
"Odontites vernus vernus","Odontites vernus","wfo-0001136632","species","(Bellardi) Dumort.","Orobanchaceae","Odontites","Accepted","FUZZY"
"Odontites vulgaris","Odontites vulgaris","wfo-0000388701","species","Moench","Orobanchaceae","Odontites","Accepted","MATCH"
"Oenanthe crocata","Oenanthe crocata","wfo-0000385433","species","L.","Apiaceae","Oenanthe","Accepted","MATCH"
"Oenanthe fistulosa","Oenanthe fistulosa","wfo-0000385428","species","L.","Apiaceae","Oenanthe","Accepted","MATCH"
"Oenanthe lachenalii","Oenanthe lachenalii","wfo-0000384714","species","C.C.Gmel.","Apiaceae","Oenanthe","Accepted","MATCH"
"Oenanthe pimpinelloides","Oenanthe pimpinelloides","wfo-0000385083","species","L.","Apiaceae","Oenanthe","Accepted","MATCH"
"Oenothera","Oenothera","wfo-4000026653","genus","L.","Onagraceae","Oenothera","Accepted","MATCH"
"Oenothera biennis","Oenothera biennis","wfo-0000389564","species","L.","Onagraceae","Oenothera","Accepted","MATCH"
"Oenothera glazioviana","Oenothera glazioviana","wfo-0000389393","species","Micheli","Onagraceae","Oenothera","Accepted","MATCH"
"Olea europaea","Olea europaea","wfo-0000817273","species","L.","Oleaceae","Olea","Accepted","MATCH"
"Oloptum miliaceum","Oloptum miliaceum","wfo-0001043671","species","(L.) Röser & Hamasha","Poaceae","Oloptum","Accepted","MATCH"
"Omalotheca sylvatica","Omalotheca sylvatica","wfo-0000072738","species","(L.) Sch.Bip. & F.W.Schultz","Asteraceae","Omalotheca","Unchecked","MATCH"
"Onobrychis alba","Onobrychis alba","wfo-0000204829","species","(Waldst. & Kit.) Desv.","Fabaceae","Onobrychis","Accepted","MATCH"
"Onobrychis arenaria","Onobrychis arenaria","wfo-0000213870","species","(Kit.) DC.","Fabaceae","Onobrychis","Accepted","MATCH"
"Onobrychis caput-galli","Onobrychis caput-galli","wfo-0000213872","species","(L.) Lam.","Fabaceae","Onobrychis","Accepted","MATCH"
"Onobrychis viciifolia","Onobrychis viciifolia","wfo-0000205013","species","Scop.","Fabaceae","Onobrychis","Accepted","MATCH"
"Ononis","Ononis","wfo-4000026886","genus","L.","Fabaceae","Ononis","Accepted","MATCH"
"Ononis minutissima","Ononis minutissima","wfo-0000212876","species","L.","Fabaceae","Ononis","Accepted","MATCH"
"Ononis natrix","Ononis natrix","wfo-0000212878","species","L.","Fabaceae","Ononis","Accepted","MATCH"
"Ononis reclinata","Ononis reclinata","wfo-0000212908","species","L.","Fabaceae","Ononis","Accepted","MATCH"
"Ononis repens","Ononis spinosa subsp. procurrens","wfo-0000186975","subspecies","(Wallr.) Briq.","Fabaceae","Ononis","Accepted","MATCH"
"Ononis rotundifolia","Ononis rotundifolia","wfo-0000213901","species","L.","Fabaceae","Ononis","Accepted","MATCH"
"Ononis spinosa","Ononis spinosa","wfo-0000183372","species","L.","Fabaceae","Ononis","Accepted","MATCH"
"Ononis spinosa maritima","Ononis spinosa","wfo-0000183372","species","L.","Fabaceae","Ononis","Accepted","FUZZY"
"Ononis spinosa procurrens","Ononis spinosa subsp. procurrens","wfo-0000186975","subspecies","(Wallr.) Briq.","Fabaceae","Ononis","Accepted","FUZZY"
"Ononis viscosa viscosa","Ononis viscosa","wfo-0000212926","species","L.","Fabaceae","Ononis","Accepted","FUZZY"
"Onopordon","Onopordinae","wfo-4100001935","subtribe","Garcia-Jacas & Susanna","Asteraceae","","Accepted","FUZZY"
"Onopordum acanthium","Onopordum acanthium","wfo-0000129725","species","L.","Asteraceae","Onopordum","Accepted","MATCH"
"Onopordum acaulon","Onopordum acaulon","wfo-0000035453","species","L.","Asteraceae","Onopordum","Accepted","MATCH"
"Onopordum corymbosum","Onopordum corymbosum","wfo-0000042318","species","Willk.","Asteraceae","Onopordum","Accepted","MATCH"
"Onopordum illyricum","Onopordum illyricum","wfo-0000061670","species","L.","Asteraceae","Onopordum","Accepted","MATCH"
"Onopordum nervosum","Onopordum nervosum","wfo-0000060105","species","Boiss.","Asteraceae","Onopordum","Accepted","MATCH"
"Ophioglossum vulgatum","Ophioglossum vulgatum","wfo-0001109043","species","L.","Ophioglossaceae","Ophioglossum","Accepted","MATCH"
"Ophrys apifera","Ophrys apifera","wfo-0000257401","species","Huds.","Orchidaceae","Ophrys","Accepted","MATCH"
"Ophrys apifera x bertolonii","Ophrys apifera","wfo-0000257401","species","Huds.","Orchidaceae","Ophrys","Accepted","FUZZY"
"Ophrys exaltata","Ophrys sphegodes subsp. sphegodes","wfo-0000258492","subspecies","","Orchidaceae","Ophrys","Accepted","MATCH"
"Ophrys insectifera","Ophrys insectifera","wfo-0000257965","species","L.","Orchidaceae","Ophrys","Accepted","MATCH"
"Orchidaceae","Orchidaceae","wfo-7000000429","family","Juss.","Orchidaceae","","Accepted","MATCH"
"Orchis","Orchis","wfo-4000027038","genus","Tourn. ex L.","Orchidaceae","Orchis","Accepted","MATCH"
"Oreganum vulgare","Origanum vulgare","wfo-0000260765","species","L.","Lamiaceae","Origanum","Accepted","FUZZY"
"Oreoselinum nigrum","Peucedanum oreoselinum","wfo-0000391827","species","Moench","Apiaceae","Peucedanum","Accepted","MATCH"
"Origanum","Origanum","wfo-4000027145","genus","L.","Lamiaceae","Origanum","Accepted","MATCH"
"Origanum majorana","Origanum majorana","wfo-0000260658","species","L.","Lamiaceae","Origanum","Accepted","MATCH"
"Origanum vulgare","Origanum vulgare","wfo-0000260765","species","L.","Lamiaceae","Origanum","Accepted","MATCH"
"Origanum vulgare vulgare","Origanum vulgare","wfo-0000260765","species","L.","Lamiaceae","Origanum","Accepted","FUZZY"
"Orlaya","Orlaya","wfo-4000027157","genus","Hoffm.","Apiaceae","Orlaya","Accepted","MATCH"
"Orlaya daucoides","Orlaya daucoides","wfo-0000384792","species","(L.) Greuter","Apiaceae","Orlaya","Accepted","MATCH"
"Orlaya grandiflora","Orlaya grandiflora","wfo-0000384789","species","(L.) Hoffm.","Apiaceae","Orlaya","Accepted","MATCH"
"Orlaya kochii","Orlaya daucoides","wfo-0000384792","species","(L.) Greuter","Apiaceae","Orlaya","Accepted","MATCH"
"Orlaya platycarpos","Orlaya grandiflora","wfo-0000384789","species","(L.) Hoffm.","Apiaceae","Orlaya","Accepted","MATCH"
"Ornithogalum","Ornithogalum","wfo-4000027188","genus","L.","Asparagaceae","Ornithogalum","Accepted","MATCH"
"Ornithogalum boucheanum","Honorius boucheanus","wfo-0000662084","species","(Kunth) Holub","Asparagaceae","Honorius","Accepted","MATCH"
"Ornithogalum divergens","Ornithogalum divergens","wfo-0000708400","species","Boreau","Asparagaceae","Ornithogalum","Accepted","MATCH"
"Ornithogalum muscari","Ornithogalum","wfo-4000027188","genus","L.","Asparagaceae","Ornithogalum","Accepted","FUZZY"
"Ornithogalum pyramidale","Loncomelos pyramidale","wfo-0000678632","species","(L.) Raf.","Asparagaceae","Loncomelos","Accepted","MATCH"
"Ornithogalum umbellatum","Ornithogalum umbellatum","wfo-0000709833","species","L.","Asparagaceae","Ornithogalum","Accepted","MATCH"
"Ornithopus","Ornithopus","wfo-4000027197","genus","L.","Fabaceae","Ornithopus","Accepted","MATCH"
"Ornithopus compressus","Ornithopus compressus","wfo-0000205760","species","L.","Fabaceae","Ornithopus","Accepted","MATCH"
"Ornithopus perpusillus","Ornithopus perpusillus","wfo-0000205797","species","L.","Fabaceae","Ornithopus","Accepted","MATCH"
"Ornithopus sativus","Ornithopus sativus","wfo-0000205829","species","Brot.","Fabaceae","Ornithopus","Accepted","MATCH"
"Orobanche","Orobanche","wfo-4000027206","genus","L.","Orobanchaceae","Orobanche","Accepted","MATCH"
"Orobanche amethystea","Orobanche amethystea","wfo-0000388441","species","Thuill.","Orobanchaceae","Orobanche","Accepted","MATCH"
"Orobanche caryophyllacea","Orobanche caryophyllacea","wfo-0000388535","species","Sm.","Orobanchaceae","Orobanche","Accepted","MATCH"
"Orobanche cernua","Orobanche cernua","wfo-0000388524","species","Loefl.","Orobanchaceae","Orobanche","Accepted","MATCH"
"Orobanche crenata","Orobanche crenata","wfo-0000388477","species","Forssk.","Orobanchaceae","Orobanche","Accepted","MATCH"
"Orobanche cumana","Orobanche cumana","wfo-0000388508","species","Wallr.","Orobanchaceae","Orobanche","Accepted","MATCH"
"Orobanche minor","Orobanche minor","wfo-0000387593","species","Sm.","Orobanchaceae","Orobanche","Accepted","MATCH"
"Orobanche minor minor","Orobanche minor","wfo-0000387593","species","Sm.","Orobanchaceae","Orobanche","Accepted","FUZZY"
"Orobanche picridis","Orobanche picridis","wfo-0001089278","species","F.Schulz","Orobanchaceae","Orobanche","Accepted","MATCH"
"Orobanche picridis-hieracioidis","Orobanche picridis-hieracioidis","wfo-1000059149","species","Holandre","Orobanchaceae","Orobanche","Accepted","MATCH"
"Oryza","Oryza","wfo-4000027352","genus","L.","Poaceae","Oryza","Accepted","MATCH"
"Oryza sativa","Oryza sativa","wfo-0000882438","species","L.","Poaceae","Oryza","Accepted","MATCH"
"Oryzopsis miliacea","Oloptum miliaceum","wfo-0001043671","species","(L.) Röser & Hamasha","Poaceae","Oloptum","Accepted","MATCH"
"Osyris alba","Osyris alba","wfo-0000388250","species","L.","Santalaceae","Osyris","Accepted","MATCH"
"Oxalis","Oxalis","wfo-4000027521","genus","L.","Oxalidaceae","Oxalis","Accepted","MATCH"
"Oxalis acetosella","Oxalis acetosella","wfo-0000387238","species","L.","Oxalidaceae","Oxalis","Accepted","MATCH"
"Oxalis corniculata","Oxalis corniculata","wfo-0000387203","species","L.","Oxalidaceae","Oxalis","Accepted","MATCH"
"Oxalis corniculata corniculata","Oxalis corniculata","wfo-0000387203","species","L.","Oxalidaceae","Oxalis","Accepted","FUZZY"
"Oxalis dillenii","Oxalis dillenii","wfo-0000387441","species","Jacq.","Oxalidaceae","Oxalis","Accepted","MATCH"
"Oxalis fontana","Oxalis stricta","wfo-0000387064","species","L.","Oxalidaceae","Oxalis","Accepted","MATCH"
"Oxalis latifolia","Oxalis latifolia","wfo-0000387357","species","Kunth","Oxalidaceae","Oxalis","Accepted","MATCH"
"Oxalis pes-caprae","Oxalis pes-caprae","wfo-0000386852","species","L.","Oxalidaceae","Oxalis","Accepted","MATCH"
"Oxalis stricta","Oxalis stricta","wfo-0000387064","species","L.","Oxalidaceae","Oxalis","Accepted","MATCH"
"Oxybasis glauca","Oxybasis glauca","wfo-0001302717","species","(L.) S.Fuentes, Uotila & Borsch","Chenopodiaceae","Oxybasis","Accepted","MATCH"
"Oxybasis rubra","Oxybasis","wfo-4000027538","genus","Kar. & Kir.","Chenopodiaceae","Oxybasis","Accepted","FUZZY"
"Oxybasis urbica","Oxybasis urbica","wfo-0001302718","species","(L.) S.Fuentes, Uotila & Borsch","Chenopodiaceae","Oxybasis","Accepted","MATCH"
"Pallenis spinosa","Pallenis spinosa","wfo-0000077986","species","(L.) Cass.","Asteraceae","Pallenis","Accepted","MATCH"
"Pancratium maritimum","Pancratium maritimum","wfo-0000729569","species","L.","Amaryllidaceae","Pancratium","Accepted","MATCH"
"Panicum","Panicum","wfo-4000027882","genus","L.","Poaceae","Panicum","Accepted","MATCH"
"Panicum capillare","Panicum capillare","wfo-0000883399","species","L.","Poaceae","Panicum","Accepted","MATCH"
"Panicum dichotomiflorum","Panicum dichotomiflorum","wfo-0000883879","species","Michx.","Poaceae","Panicum","Accepted","MATCH"
"Panicum hillmanii","Panicum hillmanii","wfo-0000884488","species","Chase","Poaceae","Panicum","Accepted","MATCH"
"Panicum miliaceum","Panicum miliaceum","wfo-0000885202","species","L.","Poaceae","Panicum","Accepted","MATCH"
"Panicum miliaceum miliaceum","Panicum miliaceum","wfo-0000885202","species","L.","Poaceae","Panicum","Accepted","FUZZY"
"Panicum miliaceum ruderale","Panicum miliaceum","wfo-0000885202","species","L.","Poaceae","Panicum","Accepted","FUZZY"
"Panicum virgatum","Panicum virgatum","wfo-0000886863","species","L.","Poaceae","Panicum","Accepted","MATCH"
"Papaver","Papaver","wfo-4000027914","genus","L.","Papaveraceae","Papaver","Accepted","MATCH"
"Papaver apulum","Roemeria apula","wfo-1000000003","species","(Ten.) Banfi, Bartolucci, J.-M.Tison & Galasso","Papaveraceae","Roemeria","Accepted","MATCH"
"Papaver argemone","Roemeria argemone","wfo-0000404705","species","(L.) C.Morales, R.Mend. & Romero García","Papaveraceae","Roemeria","Accepted","MATCH"
"Papaver dubium","Papaver dubium","wfo-0000480422","species","L.","Papaveraceae","Papaver","Accepted","MATCH"
"Papaver dubium dubium","Papaver dubium","wfo-0000480422","species","L.","Papaveraceae","Papaver","Accepted","FUZZY"
"Papaver hybridum","Roemeria hispida","wfo-1000000007","species","(Lam.)  Stace","Papaveraceae","Roemeria","Accepted","MATCH"
"Papaver rhoeas","Papaver rhoeas","wfo-0000481006","species","L.","Papaveraceae","Papaver","Accepted","MATCH"
"Papaver rhoeas rhoeas","Papaver rhoeas","wfo-0000481006","species","L.","Papaveraceae","Papaver","Accepted","FUZZY"
"Papaver rhoeas strigosum","Papaver rhoeas","wfo-0000481006","species","L.","Papaveraceae","Papaver","Accepted","FUZZY"
"Papaver somniferum","Papaver somniferum","wfo-0000480963","species","L.","Papaveraceae","Papaver","Accepted","MATCH"
"Papaver x hungaricum","Papaver × strigosum","wfo-0000480973","species","(Boenn.) Schur","Papaveraceae","Papaver","Accepted","FUZZY"
"Pardoglossum cheirifolium","Pardoglossum cheirifolium","wfo-0000397293","species","(L.) Barbier & Mathez","Boraginaceae","Pardoglossum","Accepted","MATCH"
"Parentucellia","Parentucellia","wfo-4000028194","genus","Viv.","Orobanchaceae","Parentucellia","Accepted","MATCH"
"Parentucellia latifolia","Parentucellia latifolia","wfo-0001139853","species","(L.) Caruel","Orobanchaceae","Parentucellia","Accepted","MATCH"
"Parentucellia viscosa","Parentucellia viscosa","wfo-0001136916","species","(L.) Caruel","Orobanchaceae","Parentucellia","Accepted","MATCH"
"Parietaria judaica","Parietaria judaica","wfo-0000473199","species","L.","Urticaceae","Parietaria","Accepted","MATCH"
"Paronychia","Paronychia","wfo-4000028241","genus","Mill.","Caryophyllaceae","Paronychia","Accepted","MATCH"
"Parthenocissus","Parthenocissus","wfo-4000028265","genus","Planch.","Vitaceae","Parthenocissus","Accepted","MATCH"
"Parthenocissus inserta","Parthenocissus quinquefolia","wfo-0000474309","species","(L.) Planch.","Vitaceae","Parthenocissus","Accepted","MATCH"
"Paspalum","Paspalum","wfo-4000028287","genus","L.","Poaceae","Paspalum","Accepted","MATCH"
"Paspalum dilatatum","Paspalum dilatatum","wfo-0000887560","species","Poir.","Poaceae","Paspalum","Accepted","MATCH"
"Paspalum dilatum","Paspalum dilatatum","wfo-0000887560","species","Poir.","Poaceae","Paspalum","Accepted","FUZZY"
"Paspalum distichum","Paspalum distichum","wfo-0000887584","species","L.","Poaceae","Paspalum","Accepted","MATCH"
"Pastinaca","Pastinaca","wfo-4000028299","genus","L.","Apiaceae","Pastinaca","Accepted","MATCH"
"Pastinaca sativa","Pastinaca sativa","wfo-0000391752","species","L.","Apiaceae","Pastinaca","Accepted","MATCH"
"Pastinaca sativa sativa","Pastinaca sativa","wfo-0000391752","species","L.","Apiaceae","Pastinaca","Accepted","FUZZY"
"Pastinaca sativa urens","Pastinaca sativa","wfo-0000391752","species","L.","Apiaceae","Pastinaca","Accepted","FUZZY"
"Pelargonium","Pelargonium","wfo-4000028455","genus","L'Hér.","Geraniaceae","Pelargonium","Accepted","MATCH"
"Pennisetum glaucum","Cenchrus americanus","wfo-0000917339","species","(L.) Morrone","Poaceae","Cenchrus","Accepted","MATCH"
"Persicaria","Persicaria","wfo-4000028848","genus","(L.) Mill.","Polygonaceae","Persicaria","Accepted","MATCH"
"Persicaria acuminata","Persicaria acuminata","wfo-0000488001","species","(Kunth) M.Gómez","Polygonaceae","Persicaria","Accepted","MATCH"
"Persicaria amphibia","Persicaria amphibia","wfo-0000488056","species","(L.) Delarbre","Polygonaceae","Persicaria","Accepted","MATCH"
"Persicaria bistorta","Persicaria bistorta","wfo-0000488076","species","(L.) Samp.","Polygonaceae","Persicaria","Accepted","MATCH"
"Persicaria dubia","Persicaria dubia","wfo-0001252617","species","(Stein ex A.Braun) Fourr.","Polygonaceae","Persicaria","Accepted","MATCH"
"Persicaria hydropiper","Persicaria hydropiper","wfo-0000488426","species","(L.) Delarbre","Polygonaceae","Persicaria","Accepted","MATCH"
"Persicaria lapathifolia","Persicaria lapathifolia","wfo-0000488400","species","(L.) Delarbre","Polygonaceae","Persicaria","Accepted","MATCH"
"Persicaria lapathifolia lapathifolia","Persicaria lapathifolia","wfo-0000488400","species","(L.) Delarbre","Polygonaceae","Persicaria","Accepted","FUZZY"
"Persicaria maculosa","Persicaria maculosa","wfo-0000488462","species","Gray","Polygonaceae","Persicaria","Accepted","MATCH"
"Persicaria minor","Persicaria minor","wfo-0000488490","species","Opiz","Polygonaceae","Persicaria","Accepted","MATCH"
"Persicaria mitis","Persicaria mitis","wfo-0000488374","species","(Schrank) Holub","Polygonaceae","Persicaria","Accepted","MATCH"
"Petasites hybridus","Petasites hybridus","wfo-0000045336","species","(L.) G.Gaertn., B.Mey. & Scherb.","Asteraceae","Petasites","Accepted","MATCH"
"Petrorhagia prolifera","Petrorhagia prolifera","wfo-0000395423","species","(L.) P.W.Ball & Heywood","Caryophyllaceae","Petrorhagia","Accepted","MATCH"
"Petrorhagia saxifraga","Petrorhagia saxifraga","wfo-0000395417","species","Link","Caryophyllaceae","Petrorhagia","Accepted","MATCH"
"Petrorhargia prolifera","Petrorhagia prolifera","wfo-0000395423","species","(L.) P.W.Ball & Heywood","Caryophyllaceae","Petrorhagia","Accepted","FUZZY"
"Petrosedum sediforme","Petrosedum sediforme","wfo-0000396518","species","(Jacq.) Grulich","Crassulaceae","Petrosedum","Accepted","MATCH"
"Petroselinum","Petroselinum","wfo-4000028989","genus","Hill","Apiaceae","Petroselinum","Accepted","MATCH"
"Petroselinum crispum","Petroselinum crispum","wfo-0000745326","species","(Mill.) Fuss","Apiaceae","Petroselinum","Accepted","MATCH"
"Petroselinum segetum","Sison segetum","wfo-0000431444","species","L.","Apiaceae","Sison","Accepted","MATCH"
"Peucedanum palustre","Peucedanum palustre","wfo-0000391781","species","(L.) Moench","Apiaceae","Peucedanum","Accepted","MATCH"
"Phacelia tanacetifolia","Phacelia tanacetifolia","wfo-0000465176","species","Benth.","Hydrophyllaceae","Phacelia","Accepted","MATCH"
"Phalaris","Phalaris","wfo-4000029096","genus","L.","Poaceae","Phalaris","Accepted","MATCH"
"Phalaris aquatica","Phalaris aquatica","wfo-0000889597","species","L.","Poaceae","Phalaris","Accepted","MATCH"
"Phalaris arundinacea","Phalaris arundinacea","wfo-0000889610","species","L.","Poaceae","Phalaris","Accepted","MATCH"
"Phalaris brachystachys","Phalaris brachystachys","wfo-0000889642","species","Link","Poaceae","Phalaris","Accepted","MATCH"
"Phalaris canariensis","Phalaris canariensis","wfo-0000889657","species","L.","Poaceae","Phalaris","Accepted","MATCH"
"Phalaris coerulescens","Phalaris coerulescens","wfo-0000889676","species","Desf.","Poaceae","Phalaris","Accepted","MATCH"
"Phalaris minor","Phalaris minor","wfo-0000889730","species","Retz.","Poaceae","Phalaris","Accepted","MATCH"
"Phalaris paradoxa","Phalaris paradoxa","wfo-0000889756","species","L.","Poaceae","Phalaris","Accepted","MATCH"
"Phalaroides arundinacea","Phalaris arundinacea","wfo-0000889610","species","L.","Poaceae","Phalaris","Accepted","MATCH"
"Phedimus spurius","Phedimus spurius","wfo-0000396544","species","(M.Bieb.) 't Hart","Crassulaceae","Phedimus","Accepted","MATCH"
"Phelipanche nana","Orobanche nana","wfo-0001089275","species","Noë ex Rchb.","Orobanchaceae","Orobanche","Accepted","MATCH"
"Phelipanche purpurea","Orobanche purpurea","wfo-0000387561","species","Jacq.","Orobanchaceae","Orobanche","Accepted","MATCH"
"Phelipanche ramosa","Orobanche ramosa","wfo-0000387703","species","L.","Orobanchaceae","Orobanche","Accepted","MATCH"
"Phillyrea media","Phillyrea latifolia","wfo-0000817958","species","L.","Oleaceae","Phillyrea","Accepted","MATCH"
"Phleum","Phleum","wfo-4000029274","genus","L.","Poaceae","Phleum","Accepted","MATCH"
"Phleum ambiguum","Phleum hirsutum","wfo-0000890043","species","Honck.","Poaceae","Phleum","Accepted","MATCH"
"Phleum arenarium","Phleum arenarium","wfo-0000889970","species","L.","Poaceae","Phleum","Accepted","MATCH"
"Phleum exaratum","Phleum exaratum","wfo-0000890020","species","Griseb.","Poaceae","Phleum","Accepted","MATCH"
"Phleum hirsutum","Phleum hirsutum","wfo-0000890043","species","Honck.","Poaceae","Phleum","Accepted","MATCH"
"Phleum nodosum","Phleum pratense","wfo-0000890092","species","L.","Poaceae","Phleum","Accepted","MATCH"
"Phleum paniculatum","Phleum paniculatum","wfo-0000890075","species","Huds.","Poaceae","Phleum","Accepted","MATCH"
"Phleum phleoides","Phleum phleoides","wfo-0000890086","species","(L.) H.Karst.","Poaceae","Phleum","Accepted","MATCH"
"Phleum pratense","Phleum pratense","wfo-0000890092","species","L.","Poaceae","Phleum","Accepted","MATCH"
"Phleum pratense pratense","Phleum pratense","wfo-0000890092","species","L.","Poaceae","Phleum","Accepted","FUZZY"
"Phleum pratense serotinum","Phleum pratense","wfo-0000890092","species","L.","Poaceae","Phleum","Accepted","FUZZY"
"Phleum subulatum","Phleum subulatum","wfo-0000890135","species","(Savi) Asch. & Graebn.","Poaceae","Phleum","Accepted","MATCH"
"Phragmites","Phragmites","wfo-4000029331","genus","Adans.","Poaceae","Phragmites","Accepted","MATCH"
"Phragmites australis","Phragmites australis","wfo-0000890172","species","(Cav.) Steud.","Poaceae","Phragmites","Accepted","MATCH"
"Physalis alkekengi","Alkekengi officinarum","wfo-0001019236","species","Moench","Solanaceae","Alkekengi","Accepted","MATCH"
"Physalis peruviana","Physalis peruviana","wfo-0001024896","species","L.","Solanaceae","Physalis","Accepted","MATCH"
"Physalis viscosa","Physalis viscosa","wfo-0001025039","species","L.","Solanaceae","Physalis","Accepted","MATCH"
"Physocarpus opulifolius","Physocarpus opulifolius","wfo-0001017550","species","(L.) Maxim.","Rosaceae","Physocarpus","Accepted","MATCH"
"Phytolacca","Phytolacca","wfo-4000029587","genus","L.","Phytolaccaceae","Phytolacca","Accepted","MATCH"
"Phytolacca americana","Phytolacca americana","wfo-0000482062","species","L.","Phytolaccaceae","Phytolacca","Accepted","MATCH"
"Phytolacca dodecandra","Phytolacca dodecandra","wfo-0000482089","species","L'Hér.","Phytolaccaceae","Phytolacca","Accepted","MATCH"
"Picea abies","Picea abies","wfo-0000482030","species","(L.) H.Karst.","Pinaceae","Picea","Accepted","MATCH"
"Picnomon acarna","Picnomon acarna","wfo-0000038797","species","(L.) Cass.","Asteraceae","Picnomon","Accepted","MATCH"
"Picris","Picris","wfo-4000029626","genus","L.","Asteraceae","Picris","Accepted","MATCH"
"Picris angustifolia","Picris angustifolia","wfo-0000077151","species","DC.","Asteraceae","Picris","Accepted","MATCH"
"Picris echioides","Helminthotheca echioides","wfo-0000123886","species","(L.) Holub","Asteraceae","Helminthotheca","Accepted","MATCH"
"Picris helminthotheca","Picris","wfo-4000029626","genus","L.","Asteraceae","Picris","Accepted","FUZZY"
"Picris hieracioides","Picris hieracioides","wfo-0000003062","species","Sm.","Asteraceae","Picris","Accepted","MATCH"
"Picris hieracioides hieracioides","Picris hieracioides","wfo-0000003062","species","Sm.","Asteraceae","Picris","Accepted","FUZZY"
"Pilosella","Pilosella","wfo-4000029703","genus","Hill","Asteraceae","Pilosella","Accepted","MATCH"
"Pilosella aurantiaca","Pilosella aurantiaca","wfo-0000030068","species","(L.) F.W.Schultz & Sch.Bip.","Asteraceae","Pilosella","Accepted","MATCH"
"Pilosella officinarum","Pilosella officinarum","wfo-0000068649","species","Vaill.","Asteraceae","Pilosella","Accepted","MATCH"
"Pilosella piloselloides","Pilosella piloselloides","wfo-0000032468","species","(Vill.) Soják","Asteraceae","Pilosella","Accepted","MATCH"
"Pimpinella","Pimpinella","wfo-4000029758","genus","L.","Apiaceae","Pimpinella","Accepted","MATCH"
"Pimpinella major","Pimpinella major","wfo-0000391450","species","Huds.","Apiaceae","Pimpinella","Accepted","MATCH"
"Pimpinella saxifraga","Pimpinella saxifraga","wfo-0000391166","species","L.","Apiaceae","Pimpinella","Accepted","MATCH"
"Pimpinella saxifraga saxifraga","Pimpinella saxifraga","wfo-0000391166","species","L.","Apiaceae","Pimpinella","Accepted","FUZZY"
"Pinus halepensis","Pinus halepensis","wfo-0000481363","species","Mill.","Pinaceae","Pinus","Accepted","MATCH"
"Pinus nigra","Pinus nigra","wfo-0000481696","species","J.F.Arnold","Pinaceae","Pinus","Accepted","MATCH"
"Pinus sylvestris","Pinus sylvestris","wfo-0000481648","species","L.","Pinaceae","Pinus","Accepted","MATCH"
"Piptatherum","Piptatherum","wfo-4000029823","genus","P.Beauv.","Poaceae","Piptatherum","Accepted","MATCH"
"Piptatherum miliaceum","Piptatherum miliaceum","wfo-0000890733","species","Coss.","Poaceae","Piptatherum","Accepted","MATCH"
"Pistacia lentiscus","Pistacia lentiscus","wfo-0000394118","species","L.","Anacardiaceae","Pistacia","Accepted","MATCH"
"Pistacia terebinthus","Pistacia terebinthus","wfo-0000393769","species","L.","Anacardiaceae","Pistacia","Accepted","MATCH"
"Pistacia vera","Pistacia vera","wfo-0000393766","species","L.","Anacardiaceae","Pistacia","Accepted","MATCH"
"Pisum","Lathyrus","wfo-4000020725","genus","L.","Fabaceae","Lathyrus","Accepted","MATCH"
"Pisum sativum","Lathyrus oleraceus","wfo-0000214337","species","Lam.","Fabaceae","Lathyrus","Accepted","MATCH"
"Pisum sativum arvense","Lathyrus oleraceus","wfo-0000214337","species","Lam.","Fabaceae","Lathyrus","Accepted","FUZZY"
"Pisum sativum sativum","Lathyrus oleraceus","wfo-0000214337","species","Lam.","Fabaceae","Lathyrus","Accepted","FUZZY"
"Plantago","Plantago","wfo-4000030044","genus","L.","Plantaginaceae","Plantago","Accepted","MATCH"
"Plantago afra","Plantago afra","wfo-0000478117","species","L.","Plantaginaceae","Plantago","Accepted","MATCH"
"Plantago albicans","Plantago albicans","wfo-0000478119","species","L.","Plantaginaceae","Plantago","Accepted","MATCH"
"Plantago altissima","Plantago altissima","wfo-0000487695","species","L.","Plantaginaceae","Plantago","Accepted","MATCH"
"Plantago arenaria","Plantago indica","wfo-0000478468","species","L.","Plantaginaceae","Plantago","Accepted","MATCH"
"Plantago argentea","Plantago argentea","wfo-0000487717","species","Chaix","Plantaginaceae","Plantago","Accepted","MATCH"
"Plantago barbata monanthos","Plantago barbata","wfo-0000487637","species","G.Forst.","Plantaginaceae","Plantago","Accepted","FUZZY"
"Plantago bellardii","Plantago bellardii","wfo-0000487643","species","All.","Plantaginaceae","Plantago","Accepted","MATCH"
"Plantago coronopus","Plantago coronopus","wfo-0000487725","species","L.","Plantaginaceae","Plantago","Accepted","MATCH"
"Plantago indica","Plantago indica","wfo-0000478468","species","L.","Plantaginaceae","Plantago","Accepted","MATCH"
"Plantago lagopus","Plantago lagopus","wfo-0000486742","species","L.","Plantaginaceae","Plantago","Accepted","MATCH"
"Plantago lanceolata","Plantago lanceolata","wfo-0000486603","species","L.","Plantaginaceae","Plantago","Accepted","MATCH"
"Plantago major","Plantago major","wfo-0000486544","species","L.","Plantaginaceae","Plantago","Accepted","MATCH"
"Plantago major intermedia","Plantago major subsp. intermedia","wfo-0000745393","subspecies","(Gilib.) Lange","Plantaginaceae","Plantago","Accepted","FUZZY"
"Plantago major major","Plantago major","wfo-0000486544","species","L.","Plantaginaceae","Plantago","Accepted","FUZZY"
"Plantago major pleiosperma","Plantago major subsp. major","wfo-0001316375","subspecies","","Plantaginaceae","Plantago","Accepted","FUZZY"
"Plantago media","Plantago media","wfo-0000486573","species","L.","Plantaginaceae","Plantago","Accepted","MATCH"
"Plantago monosperma","Plantago monosperma","wfo-0000486713","species","Pourr.","Plantaginaceae","Plantago","Accepted","MATCH"
"Plantago pauciflora","Plantago barbata subsp. barbata","wfo-0001094953","subspecies","","Plantaginaceae","Plantago","Accepted","MATCH"
"Plantago uliginosa","Plantago major subsp. intermedia","wfo-0000745393","subspecies","(Gilib.) Lange","Plantaginaceae","Plantago","Accepted","MATCH"
"Plantago weldenii","Plantago weldenii","wfo-0000487237","species","Rchb.","Plantaginaceae","Plantago","Accepted","MATCH"
"Platycapnos spicata","Platycapnos spicatus","wfo-0000468978","species","(L.) Bernh.","Papaveraceae","Platycapnos","Accepted","MATCH"
"Poa","Poa","wfo-4000030438","genus","L.","Poaceae","Poa","Accepted","MATCH"
"Poa angustifolia","Poa angustifolia","wfo-0000891510","species","L.","Poaceae","Poa","Accepted","MATCH"
"Poa annua","Poa annua","wfo-0000891536","species","L.","Poaceae","Poa","Accepted","MATCH"
"Poa annua reptans","Poa annua","wfo-0000891536","species","L.","Poaceae","Poa","Accepted","FUZZY"
"Poa bulbosa","Poa bulbosa","wfo-0000891824","species","L.","Poaceae","Poa","Accepted","MATCH"
"Poa bulbosa vivipara","Poa bulbosa","wfo-0000891824","species","L.","Poaceae","Poa","Accepted","FUZZY"
"Poa compressa","Poa compressa","wfo-0000892001","species","L.","Poaceae","Poa","Accepted","MATCH"
"Poa infirma","Poa infirma","wfo-0000892617","species","Kunth","Poaceae","Poa","Accepted","MATCH"
"Poa latifolia","Centotheca lappacea","wfo-0000858736","species","(L.) Desv.","Poaceae","Centotheca","Accepted","MATCH"
"Poa nemoralis","Poa nemoralis","wfo-0000893068","species","L.","Poaceae","Poa","Accepted","MATCH"
"Poa palustris","Poa palustris","wfo-0000893213","species","L.","Poaceae","Poa","Accepted","MATCH"
"Poa pratensis","Poa pratensis","wfo-0000893396","species","L.","Poaceae","Poa","Accepted","MATCH"
"Poa pratensis angustifolia","Poa pratensis","wfo-0000893396","species","L.","Poaceae","Poa","Accepted","FUZZY"
"Poa pratensis pratensis","Poa pratensis","wfo-0000893396","species","L.","Poaceae","Poa","Accepted","FUZZY"
"Poa trivialis","Poa trivialis","wfo-0000894135","species","L.","Poaceae","Poa","Accepted","MATCH"
"Poa trivialis latifolia","Poa trivialis","wfo-0000894135","species","L.","Poaceae","Poa","Accepted","FUZZY"
"Poa trivialis trivialis","Poa trivialis","wfo-0000894135","species","L.","Poaceae","Poa","Accepted","FUZZY"
"Poaceae","Poaceae","wfo-7000000483","family","Barnhart","Poaceae","","Accepted","MATCH"
"Podospermum","Scorzonera sect. Podospermum","wfo-1000054879","section","(DC.) Benth. & Hook.f.","Asteraceae","Scorzonera","Accepted","MATCH"
"Podospermum laciniatum","Scorzonera laciniata","wfo-0000112224","species","L.","Asteraceae","Scorzonera","Accepted","MATCH"
"Podospermum picroides","Urospermum picroides","wfo-0000024742","species","(L.) Scop. ex F.W.Schmidt","Asteraceae","Urospermum","Accepted","FUZZY"
"Polycarpon tetraphyllum","Polycarpon tetraphyllum","wfo-0000395614","species","(L.) L.","Caryophyllaceae","Polycarpon","Accepted","MATCH"
"Polycnemum","Polycnemum","wfo-4000030720","genus","L.","Amaranthaceae","Polycnemum","Accepted","MATCH"
"Polycnemum arvense","Polycnemum arvense","wfo-0000395192","species","L.","Amaranthaceae","Polycnemum","Accepted","MATCH"
"Polycnemum majus","Polycnemum majus","wfo-0000395245","species","A.Braun ex Bogenh.","Amaranthaceae","Polycnemum","Accepted","MATCH"
"Polygala calcarea","Polygala calcarea","wfo-0000484499","species","F.W.Schultz","Polygalaceae","Polygala","Accepted","MATCH"
"Polygala comosa","Polygala comosa","wfo-0000484278","species","Schkuhr","Polygalaceae","Polygala","Accepted","MATCH"
"Polygala monspeliaca","Polygala monspeliaca","wfo-0000488577","species","L.","Polygalaceae","Polygala","Accepted","MATCH"
"Polygala vulgaris","Polygala vulgaris","wfo-0000488110","species","L.","Polygalaceae","Polygala","Accepted","MATCH"
"Polygonatum","Polygonatum","wfo-4000030741","genus","Mill.","Asparagaceae","Polygonatum","Accepted","MATCH"
"Polygonatum multiflorum","Polygonatum multiflorum","wfo-0000716086","species","(L.) All.","Asparagaceae","Polygonatum","Accepted","MATCH"
"Polygonum","Polygonum","wfo-4000030745","genus","L.","Polygonaceae","Polygonum","Accepted","MATCH"
"Polygonum amphibium","Persicaria amphibia","wfo-0000488056","species","(L.) Delarbre","Polygonaceae","Persicaria","Accepted","MATCH"
"Polygonum aviculare","Polygonum aviculare","wfo-0000489656","species","L.","Polygonaceae","Polygonum","Accepted","MATCH"
"Polygonum aviculare aviculare","Polygonum aviculare","wfo-0000489656","species","L.","Polygonaceae","Polygonum","Accepted","FUZZY"
"Polygonum aviculare depressum","Polygonum aviculare","wfo-0000489656","species","L.","Polygonaceae","Polygonum","Accepted","FUZZY"
"Polygonum aviculare rurivagum","Polygonum aviculare","wfo-0000489656","species","L.","Polygonaceae","Polygonum","Accepted","FUZZY"
"Polygonum bellardii","Polygonum bellardii","wfo-0000489635","species","All.","Polygonaceae","Polygonum","Accepted","MATCH"
"Polygonum convolvulus","Fallopia convolvulus","wfo-0000685786","species","(L.) Á.Löve","Polygonaceae","Fallopia","Accepted","MATCH"
"Polygonum hydropiper","Persicaria hydropiper","wfo-0000488426","species","(L.) Delarbre","Polygonaceae","Persicaria","Accepted","MATCH"
"Polygonum lapathifolium","Persicaria lapathifolia","wfo-0000488400","species","(L.) Delarbre","Polygonaceae","Persicaria","Accepted","MATCH"
"Polygonum mite","Persicaria mitis","wfo-0000488374","species","(Schrank) Holub","Polygonaceae","Persicaria","Accepted","MATCH"
"Polygonum persicaria","Persicaria maculosa","wfo-0000488462","species","Gray","Polygonaceae","Persicaria","Accepted","MATCH"
"Polypogon monspeliensis","Polypogon monspeliensis","wfo-0000894716","species","(L.) Desf.","Poaceae","Polypogon","Accepted","MATCH"
"Polypogon viridis","Polypogon viridis","wfo-0000894761","species","(Gouan) Breistr.","Poaceae","Polypogon","Accepted","MATCH"
"Populus","Populus","wfo-4000030925","genus","L.","Salicaceae","Populus","Accepted","MATCH"
"Populus alba","Populus alba","wfo-0000928384","species","L.","Salicaceae","Populus","Accepted","MATCH"
"Populus canescens","Populus × canescens","wfo-0000928145","species","(Aiton) Sm.","Salicaceae","Populus","Accepted","FUZZY"
"Populus deltoides","Populus deltoides","wfo-0000928101","species","W.Bartram ex Marshall","Salicaceae","Populus","Accepted","MATCH"
"Populus nigra","Populus nigra","wfo-0000928297","species","L.","Salicaceae","Populus","Accepted","MATCH"
"Populus tremula","Populus tremula","wfo-0000928205","species","L.","Salicaceae","Populus","Accepted","MATCH"
"Populus x canadensis","Populus × canadensis","wfo-0000930752","species","Moench","Salicaceae","Populus","Accepted","FUZZY"
"Portulaca","Portulaca","wfo-4000030996","genus","L.","Portulacaceae","Portulaca","Accepted","MATCH"
"Portulaca oleracea","Portulaca oleracea","wfo-0000484425","species","L.","Portulacaceae","Portulaca","Accepted","MATCH"
"Portulaca oleraceae","Portulaca oleracea","wfo-0000484425","species","L.","Portulacaceae","Portulaca","Accepted","FUZZY"
"Potamogeton","Potamogeton","wfo-4000031022","genus","L.","Potamogetonaceae","Potamogeton","Accepted","MATCH"
"Potamogeton berchtoldii","Potamogeton berchtoldii","wfo-0000769744","species","Fieber","Potamogetonaceae","Potamogeton","Accepted","MATCH"
"Potamogeton lucens","Potamogeton lucens","wfo-0000769883","species","L.","Potamogetonaceae","Potamogeton","Accepted","MATCH"
"Potentilla","Potentilla","wfo-4000031030","genus","L.","Rosaceae","Potentilla","Accepted","MATCH"
"Potentilla anglica","Potentilla anglica","wfo-0001017376","species","Laichard.","Rosaceae","Potentilla","Accepted","MATCH"
"Potentilla anserina","Argentina anserina","wfo-0001009478","species","(L.) Rydb.","Rosaceae","Argentina","Accepted","MATCH"
"Potentilla argentea","Potentilla argentea","wfo-0001016312","species","L.","Rosaceae","Potentilla","Accepted","MATCH"
"Potentilla crantzii","Potentilla crantzii","wfo-0000990434","species","(Crantz) Beck ex Fritsch","Rosaceae","Potentilla","Accepted","MATCH"
"Potentilla erecta","Potentilla erecta","wfo-0000984938","species","(L.) Raeusch.","Rosaceae","Potentilla","Accepted","MATCH"
"Potentilla erecta x reptans","Potentilla erecta","wfo-0000984938","species","(L.) Raeusch.","Rosaceae","Potentilla","Accepted","FUZZY"
"Potentilla indica","Potentilla indica","wfo-0000984000","species","(Andrews) Th.Wolf","Rosaceae","Potentilla","Accepted","MATCH"
"Potentilla micrantha","Potentilla micrantha","wfo-0000991296","species","Ramond ex DC.","Rosaceae","Potentilla","Accepted","MATCH"
"Potentilla neumanniana","Potentilla pusilla","wfo-0001018785","species","Host","Rosaceae","Potentilla","Accepted","MATCH"
"Potentilla norvegica","Potentilla norvegica","wfo-0000988932","species","L.","Rosaceae","Potentilla","Accepted","MATCH"
"Potentilla recta","Potentilla recta","wfo-0000983388","species","L.","Rosaceae","Potentilla","Accepted","MATCH"
"Potentilla reptans","Potentilla reptans","wfo-0001011690","species","L.","Rosaceae","Potentilla","Accepted","MATCH"
"Potentilla sterilis","Potentilla sterilis","wfo-0000988128","species","(L.) Garcke","Rosaceae","Potentilla","Accepted","MATCH"
"Potentilla supina","Potentilla supina","wfo-0000991597","species","L.","Rosaceae","Potentilla","Accepted","MATCH"
"Potentilla verna","Potentilla verna","wfo-0001009786","species","L.","Rosaceae","Potentilla","Accepted","MATCH"
"Poterium","Sanguisorba","wfo-4000033941","genus","L.","Rosaceae","Sanguisorba","Accepted","MATCH"
"Poterium sanguisorba","Sanguisorba minor subsp. minor","wfo-0000985709","subspecies","","Rosaceae","Sanguisorba","Accepted","MATCH"
"Poterium verrucosum","Sanguisorba verrucosa","wfo-0001007748","species","(Link ex G.Don) Ces.","Rosaceae","Sanguisorba","Accepted","MATCH"
"Primula","Primula","wfo-4000031131","genus","L.","Primulaceae","Primula","Accepted","MATCH"
"Primula elatior","Primula elatior","wfo-0000483455","species","Hill","Primulaceae","Primula","Accepted","MATCH"
"Primula latifolia","Primula latifolia","wfo-0000483679","species","Lapeyr.","Primulaceae","Primula","Accepted","MATCH"
"Primula veris","Primula veris","wfo-0000482741","species","L.","Primulaceae","Primula","Accepted","MATCH"
"Primula vulgaris","Primula vulgaris","wfo-0000482762","species","Huds.","Primulaceae","Primula","Accepted","MATCH"
"Primulaceae","Primulaceae","wfo-7000000497","family","Batsch ex Borkh.","Primulaceae","","Accepted","MATCH"
"Prunella","Prunella","wfo-4000031279","genus","L.","Lamiaceae","Prunella","Accepted","MATCH"
"Prunella alba","Prunella laciniata","wfo-0000283701","species","(L.) L.","Lamiaceae","Prunella","Accepted","MATCH"
"Prunella grandiflora","Prunella grandiflora","wfo-0000283682","species","(L.) Turra","Lamiaceae","Prunella","Accepted","MATCH"
"Prunella laciniata","Prunella laciniata","wfo-0000283701","species","(L.) L.","Lamiaceae","Prunella","Accepted","MATCH"
"Prunella vulgaris","Prunella vulgaris","wfo-0000283746","species","L.","Lamiaceae","Prunella","Accepted","MATCH"
"Prunus","Prunus","wfo-4000031284","genus","L.","Rosaceae","Prunus","Accepted","MATCH"
"Prunus avium","Prunus avium","wfo-0001006607","species","(L.) L.","Rosaceae","Prunus","Accepted","MATCH"
"Prunus cerasifera","Prunus cerasifera","wfo-0001007955","species","Ehrh.","Rosaceae","Prunus","Accepted","MATCH"
"Prunus cerasus","Prunus cerasus","wfo-0001016331","species","L.","Rosaceae","Prunus","Accepted","MATCH"
"Prunus domestica","Prunus domestica","wfo-0000984349","species","L.","Rosaceae","Prunus","Accepted","MATCH"
"Prunus domestica domestica","Prunus domestica","wfo-0000984349","species","L.","Rosaceae","Prunus","Accepted","FUZZY"
"Prunus dulcis","Prunus dulcis","wfo-0000996162","species","(Mill.) Rchb.","Rosaceae","Prunus","Unchecked","MATCH"
"Prunus laurocerasus","Prunus laurocerasus","wfo-0001016516","species","L.","Rosaceae","Prunus","Accepted","MATCH"
"Prunus mahaleb","Prunus mahaleb","wfo-0001013325","species","L.","Rosaceae","Prunus","Accepted","MATCH"
"Prunus padus","Prunus padus","wfo-0001008273","species","L.","Rosaceae","Prunus","Accepted","MATCH"
"Prunus serotina","Prunus serotina","wfo-0000995988","species","Ehrh.","Rosaceae","Prunus","Accepted","MATCH"
"Prunus spinosa","Prunus spinosa","wfo-0001007437","species","L.","Rosaceae","Prunus","Accepted","MATCH"
"Psammophiliella muralis","Psammophiliella muralis","wfo-0001097626","species","(L.) Ikonn.","Caryophyllaceae","Psammophiliella","Accepted","MATCH"
"Psilurus incurvus","Festuca incurva","wfo-0001341328","species","(Gouan) Gutermann","Poaceae","Festuca","Accepted","MATCH"
"Psoralea","Psoralea","wfo-4000031821","genus","L.","Fabaceae","Psoralea","Accepted","MATCH"
"Pteridium","Pteridium","wfo-4000031876","genus","Gleditsch; Scopoli","Dennstaedtiaceae","Pteridium","Accepted","MATCH"
"Pteridium aquilinum","Pteridium aquilinum","wfo-0001107402","species","(L.) Kuhn","Dennstaedtiaceae","Pteridium","Accepted","MATCH"
"Pterolepis glomerata","Pterolepis glomerata","wfo-0001080634","species","(Rottb.) Miq.","Melastomataceae","Pterolepis","Accepted","MATCH"
"Pulicaria arabica hispanica","Pulicaria arabica","wfo-0000122020","species","(L.) Cass.","Asteraceae","Pulicaria","Accepted","FUZZY"
"Pulicaria dysenterica","Pulicaria dysenterica","wfo-0000012754","species","Gaertn.","Asteraceae","Pulicaria","Accepted","MATCH"
"Pulicaria odora","Pulicaria odora","wfo-0000086001","species","(L.) Rchb.","Asteraceae","Pulicaria","Accepted","MATCH"
"Pulicaria vulgaris","Pulicaria vulgaris","wfo-0000132768","species","Gaertn.","Asteraceae","Pulicaria","Accepted","MATCH"
"Pulmonaria","Pulmonaria","wfo-4000032171","genus","L.","Boraginaceae","Pulmonaria","Accepted","MATCH"
"Pulmonaria officinalis","Pulmonaria officinalis","wfo-0000397533","species","L.","Boraginaceae","Pulmonaria","Accepted","MATCH"
"Pyrus communis","Pyrus communis","wfo-0001015799","species","L.","Rosaceae","Pyrus","Accepted","MATCH"
"Quercus","Quercus","wfo-4000032377","genus","L.","Fagaceae","Quercus","Accepted","MATCH"
"Quercus cerris","Quercus cerris","wfo-0000290053","species","L.","Fagaceae","Quercus","Accepted","MATCH"
"Quercus coccifera","Quercus coccifera","wfo-0000290191","species","L.","Fagaceae","Quercus","Accepted","MATCH"
"Quercus ilex","Quercus ilex","wfo-0000291202","species","L.","Fagaceae","Quercus","Accepted","MATCH"
"Quercus petraea","Quercus petraea","wfo-0000292459","species","(Matt.) Liebl.","Fagaceae","Quercus","Accepted","MATCH"
"Quercus pubescens","Quercus pubescens","wfo-0000292685","species","Willd.","Fagaceae","Quercus","Accepted","MATCH"
"Quercus robur","Quercus robur","wfo-0000292858","species","L.","Fagaceae","Quercus","Accepted","MATCH"
"Quercus robur robur","Quercus robur","wfo-0000292858","species","L.","Fagaceae","Quercus","Accepted","FUZZY"
"Quercus rubra","Quercus rubra","wfo-0000293006","species","L.","Fagaceae","Quercus","Accepted","MATCH"
"Quercus suber","Quercus suber","wfo-0000293451","species","L.","Fagaceae","Quercus","Accepted","MATCH"
"Ranunculus","Ranunculus","wfo-4000032540","genus","L.","Ranunculaceae","Ranunculus","Accepted","MATCH"
"Ranunculus acris","Ranunculus acris","wfo-0000461396","species","L.","Ranunculaceae","Ranunculus","Accepted","MATCH"
"Ranunculus acris acris","Ranunculus acris","wfo-0000461396","species","L.","Ranunculaceae","Ranunculus","Accepted","FUZZY"
"Ranunculus acris friesianus","Ranunculus acris","wfo-0000461396","species","L.","Ranunculaceae","Ranunculus","Accepted","FUZZY"
"Ranunculus arvensis","Ranunculus arvensis","wfo-0000461176","species","L.","Ranunculaceae","Ranunculus","Accepted","MATCH"
"Ranunculus auricomus","Ranunculus auricomus","wfo-0000461317","species","L.","Ranunculaceae","Ranunculus","Accepted","MATCH"
"Ranunculus breyninus","Ranunculus breyninus","wfo-0001316405","species","Crantz","Ranunculaceae","Ranunculus","Accepted","MATCH"
"Ranunculus bulbosus","Ranunculus bulbosus","wfo-0000461562","species","L.","Ranunculaceae","Ranunculus","Accepted","MATCH"
"Ranunculus ficaria","Ranunculus ficaria","wfo-0000460581","species","L.","Ranunculaceae","Ranunculus","Accepted","MATCH"
"Ranunculus flammula","Ranunculus flammula","wfo-0000460525","species","L.","Ranunculaceae","Ranunculus","Accepted","MATCH"
"Ranunculus gramineus","Ranunculus gramineus","wfo-0000460933","species","L.","Ranunculaceae","Ranunculus","Accepted","MATCH"
"Ranunculus lanuginosus","Ranunculus lanuginosus","wfo-0000460853","species","L.","Ranunculaceae","Ranunculus","Accepted","MATCH"
"Ranunculus macrophyllus","Ranunculus macrophyllus","wfo-0000462982","species","Desf.","Ranunculaceae","Ranunculus","Accepted","MATCH"
"Ranunculus muricatus","Ranunculus muricatus","wfo-0000462855","species","L.","Ranunculaceae","Ranunculus","Accepted","MATCH"
"Ranunculus paludosus","Ranunculus paludosus","wfo-0000462885","species","Poir.","Ranunculaceae","Ranunculus","Accepted","MATCH"
"Ranunculus parviflorus","Ranunculus parviflorus","wfo-0000463478","species","L.","Ranunculaceae","Ranunculus","Accepted","MATCH"
"Ranunculus repens","Ranunculus repens","wfo-0000463198","species","L.","Ranunculaceae","Ranunculus","Accepted","MATCH"
"Ranunculus reptans","Ranunculus reptans","wfo-0000463205","species","L.","Ranunculaceae","Ranunculus","Accepted","MATCH"
"Ranunculus sardous","Ranunculus sardous","wfo-0000463281","species","Crantz","Ranunculaceae","Ranunculus","Accepted","MATCH"
"Ranunculus sardous sardous","Ranunculus sardous","wfo-0000463281","species","Crantz","Ranunculaceae","Ranunculus","Accepted","FUZZY"
"Ranunculus sceleratus","Ranunculus sceleratus","wfo-0000463300","species","L.","Ranunculaceae","Ranunculus","Accepted","MATCH"
"Ranunculus tuberosus","Ranunculus tuberosus","wfo-0000461932","species","Lapeyr.","Ranunculaceae","Ranunculus","Accepted","MATCH"
"Raphanus","Raphanus","wfo-4000032557","genus","L.","Brassicaceae","Raphanus","Accepted","MATCH"
"Raphanus raphanistrum","Raphanus raphanistrum","wfo-0000402425","species","L.","Brassicaceae","Raphanus","Accepted","MATCH"
"Raphanus raphanistrum raphanistrum","Raphanus raphanistrum","wfo-0000402425","species","L.","Brassicaceae","Raphanus","Accepted","FUZZY"
"Raphanus raphanistrum sativus","Raphanus raphanistrum","wfo-0000402425","species","L.","Brassicaceae","Raphanus","Accepted","FUZZY"
"Raphanus sativus","Raphanus sativus","wfo-0000402430","species","L.","Brassicaceae","Raphanus","Accepted","MATCH"
"Raphanus sativus oleiformis","Raphanus sativus","wfo-0000402430","species","L.","Brassicaceae","Raphanus","Accepted","FUZZY"
"Rapistrum perenne","Rapistrum perenne","wfo-0000402565","species","(L.) All.","Brassicaceae","Rapistrum","Accepted","MATCH"
"Rapistrum rugosum","Rapistrum rugosum","wfo-0000402573","species","(L.) All.","Brassicaceae","Rapistrum","Accepted","MATCH"
"Rapistrum rugosum orientale","Rapistrum rugosum","wfo-0000402573","species","(L.) All.","Brassicaceae","Rapistrum","Accepted","FUZZY"
"Reichardia","Reichardia","wfo-4000032695","genus","Roth","Asteraceae","Reichardia","Accepted","MATCH"
"Reichardia picroides","Reichardia picroides","wfo-0000074791","species","(L.) Roth","Asteraceae","Reichardia","Accepted","MATCH"
"Reseda","Reseda","wfo-4000032773","genus","Tourn. ex L.","Resedaceae","Reseda","Accepted","MATCH"
"Reseda alba","Reseda alba","wfo-0000462056","species","L.","Resedaceae","Reseda","Accepted","MATCH"
"Reseda lanceolata","Reseda lanceolata","wfo-0000462557","species","Lag.","Resedaceae","Reseda","Accepted","MATCH"
"Reseda lutea","Reseda lutea","wfo-0000462651","species","L.","Resedaceae","Reseda","Accepted","MATCH"
"Reseda luteola","Reseda luteola","wfo-0000462704","species","L.","Resedaceae","Reseda","Accepted","MATCH"
"Reseda phyteuma","Reseda phyteuma","wfo-0000462737","species","L.","Resedaceae","Reseda","Accepted","MATCH"
"Reseda undata","Reseda undata","wfo-0000462401","species","L.","Resedaceae","Reseda","Accepted","MATCH"
"Retama sphaerocarpa","Retama sphaerocarpa","wfo-0000213402","species","(L.) Boiss.","Fabaceae","Retama","Accepted","MATCH"
"Reynoutria japonica","Reynoutria japonica","wfo-0000406106","species","Houtt.","Polygonaceae","Reynoutria","Accepted","MATCH"
"Rhagadiolus edulis","Rhagadiolus edulis","wfo-0000019519","species","Gaertn.","Asteraceae","Rhagadiolus","Accepted","MATCH"
"Rhagadiolus stellatus","Rhagadiolus stellatus","wfo-0000015582","species","(L.) Gaertn.","Asteraceae","Rhagadiolus","Accepted","MATCH"
"Rhamnus","Rhamnus","wfo-4000032872","genus","L.","Rhamnaceae","Rhamnus","Accepted","MATCH"
"Rhamnus alaternus","Rhamnus alaternus","wfo-0000462513","species","L.","Rhamnaceae","Rhamnus","Accepted","MATCH"
"Rhamnus cathartica","Rhamnus cathartica","wfo-0000460239","species","L.","Rhamnaceae","Rhamnus","Accepted","MATCH"
"Rhamnus saxatilis","Rhamnus saxatilis","wfo-0000459995","species","Jacq.","Rhamnaceae","Rhamnus","Accepted","MATCH"
"Rheum x hybridum","Rheum × hybridum","wfo-0000404461","species","Murray","Polygonaceae","Rheum","Accepted","FUZZY"
"Rheum x rhabarbarum","Rheum rhabarbarum","wfo-0000404478","species","L.","Polygonaceae","Rheum","Accepted","FUZZY"
"Rhinanthus","Rhinanthus","wfo-4000032946","genus","L.","Orobanchaceae","Rhinanthus","Accepted","MATCH"
"Rhinanthus alectorolophus","Rhinanthus alectorolophus","wfo-0000463700","species","(Scop.) Pollich","Orobanchaceae","Rhinanthus","Accepted","MATCH"
"Rhinanthus minor","Rhinanthus minor","wfo-0000747233","species","L.","Orobanchaceae","Rhinanthus","Accepted","MATCH"
"Rhinanthus pumilus","Rhinanthus pumilus","wfo-1200039125","species","(Sterneck) Pau","Orobanchaceae","Rhinanthus","Accepted","MATCH"
"Rhizogemma staphylina","Rhizogemma staphylina","wfo-1000051867","species","(H.Whitehouse) Bonfim Santos, Siebel & Fedosov","Rhizogemmaceae","Rhizogemma","Accepted","MATCH"
"Ribes uva-crispa","Ribes uva-crispa","wfo-0000405193","species","L.","Grossulariaceae","Ribes","Accepted","MATCH"
"Riccia","Riccia","wfo-4000033223","genus","L.","Ricciaceae","Riccia","Accepted","MATCH"
"Riccia sorocarpa","Riccia sorocarpa","wfo-0001196757","species","Bisch.","Ricciaceae","Riccia","Accepted","MATCH"
"Riccia warnstorfii","Riccia warnstorfii","wfo-0001201541","species","Limpr. ex Warnst.","Ricciaceae","Riccia","Accepted","MATCH"
"Ridolfia segetum","Ridolfia segetum","wfo-0000402206","species","(Guss.) Moris","Apiaceae","Ridolfia","Accepted","MATCH"
"Robinia pseudoacacia","Robinia pseudoacacia","wfo-0000213931","species","L.","Fabaceae","Robinia","Accepted","MATCH"
"Roegneria canina","Elymus caninus","wfo-0000866095","species","(L.) L.","Poaceae","Elymus","Accepted","MATCH"
"Roemeria argemone","Roemeria argemone","wfo-0000404705","species","(L.) C.Morales, R.Mend. & Romero García","Papaveraceae","Roemeria","Accepted","MATCH"
"Roemeria hybrida","Roemeria hybrida","wfo-0000404703","species","(L.) DC.","Papaveraceae","Roemeria","Accepted","MATCH"
"Rorippa","Rorippa","wfo-4000033475","genus","Scop.","Brassicaceae","Rorippa","Accepted","MATCH"
"Rorippa amphibia","Rorippa amphibia","wfo-0000399575","species","(L.) Besser","Brassicaceae","Rorippa","Accepted","MATCH"
"Rorippa armoracioides","Rorippa × armoracioides","wfo-0000399580","species","(Tausch) Fuss","Brassicaceae","Rorippa","Accepted","FUZZY"
"Rorippa austriaca","Rorippa austriaca","wfo-0001218322","species","(Crantz) Besser","Brassicaceae","Rorippa","Accepted","MATCH"
"Rorippa islandica","Rorippa islandica","wfo-0000399609","species","(Oeder) Borbás","Brassicaceae","Rorippa","Accepted","MATCH"
"Rorippa nasturtium-aquaticum","Nasturtium officinale","wfo-0000380323","species","R.Br.","Brassicaceae","Nasturtium","Accepted","MATCH"
"Rorippa palustris","Rorippa palustris","wfo-0000399555","species","(L.) Besser","Brassicaceae","Rorippa","Accepted","MATCH"
"Rorippa sylvestris","Rorippa sylvestris","wfo-0000399565","species","(L.) Besser","Brassicaceae","Rorippa","Accepted","MATCH"
"Rosa","Rosa","wfo-4000033476","genus","L.","Rosaceae","Rosa","Accepted","MATCH"
"Rosa agrestis","Rosa agrestis","wfo-0000985731","species","Savi","Rosaceae","Rosa","Accepted","MATCH"
"Rosa arvensis","Rosa arvensis","wfo-0001012155","species","Huds.","Rosaceae","Rosa","Accepted","MATCH"
"Rosa canina","Rosa canina","wfo-0001005999","species","L.","Rosaceae","Rosa","Accepted","MATCH"
"Rosa multiflora","Rosa multiflora","wfo-0001001254","species","Thunb.","Rosaceae","Rosa","Accepted","MATCH"
"Rosa rubiginosa","Rosa rubiginosa","wfo-0001004321","species","L.","Rosaceae","Rosa","Accepted","MATCH"
"Rosa sempervirens","Rosa sempervirens","wfo-0000992954","species","L.","Rosaceae","Rosa","Accepted","MATCH"
"Rosaceae","Rosaceae","wfo-7000000532","family","Juss.","Rosaceae","","Accepted","MATCH"
"Rosmarinus officinalis","Salvia rosmarinus","wfo-0000302167","species","Spenn.","Lamiaceae","Salvia","Accepted","MATCH"
"Rostraria","Rostraria","wfo-4000033511","genus","Trin.","Poaceae","Rostraria","Accepted","MATCH"
"Rostraria cristata","Rostraria cristata","wfo-0000896185","species","(L.) Tzvelev","Poaceae","Rostraria","Accepted","MATCH"
"Rubia peregrina","Rubia peregrina","wfo-0000298572","species","L.","Rubiaceae","Rubia","Accepted","MATCH"
"Rubia peregrina peregrina","Rubia peregrina","wfo-0000298572","species","L.","Rubiaceae","Rubia","Accepted","FUZZY"
"Rubia tinctorum","Rubia tinctorum","wfo-0000298644","species","L.","Rubiaceae","Rubia","Accepted","MATCH"
"Rubiaceae","Rubiaceae","wfo-7000000534","family","Juss.","Rubiaceae","","Accepted","MATCH"
"Rubus","Rubus","wfo-4000033581","genus","L.","Rosaceae","Rubus","Accepted","MATCH"
"Rubus arcticus","Rubus arcticus","wfo-0001017561","species","L.","Rosaceae","Rubus","Accepted","MATCH"
"Rubus armeniacus","Rubus armeniacus","wfo-0000983577","species","Focke","Rosaceae","Rubus","Accepted","MATCH"
"Rubus caesius","Rubus caesius","wfo-0001017340","species","L.","Rosaceae","Rubus","Accepted","MATCH"
"Rubus fruticosus","Rubus fruticosus","wfo-0000984598","species","L.","Rosaceae","Rubus","Accepted","MATCH"
"Rubus idaeus","Rubus idaeus","wfo-0001000827","species","L.","Rosaceae","Rubus","Accepted","MATCH"
"Rubus idenus","Rubus idenus","wfo-0001231294","species","L.","Rosaceae","Rubus","Unchecked","MATCH"
"Rubus nessensis","Rubus polonicus","wfo-0001330896","species","Weston","Rosaceae","Rubus","Accepted","MATCH"
"Rubus spectabilis","Rubus spectabilis","wfo-0000984083","species","Pursh","Rosaceae","Rubus","Accepted","MATCH"
"Rubus ulmifolius","Rubus ulmifolius","wfo-0000985000","species","Schott","Rosaceae","Rubus","Accepted","MATCH"
"Rubus vestitus","Rubus vestitus","wfo-0000985749","species","Weihe","Rosaceae","Rubus","Accepted","MATCH"
"Rumex","Rumex","wfo-4000033616","genus","L.","Polygonaceae","Rumex","Accepted","MATCH"
"Rumex acetosa","Rumex acetosa","wfo-0000403595","species","L.","Polygonaceae","Rumex","Accepted","MATCH"
"Rumex acetosa acetosa","Rumex acetosa","wfo-0000403595","species","L.","Polygonaceae","Rumex","Accepted","FUZZY"
"Rumex acetosella","Rumex acetosella","wfo-0000403586","species","L.","Polygonaceae","Rumex","Accepted","MATCH"
"Rumex acetosella acetosella","Rumex acetosella","wfo-0000403586","species","L.","Polygonaceae","Rumex","Accepted","FUZZY"
"Rumex aquitanicus x crispus","Rumex aquitanicus","wfo-0000403538","species","Rechinger","Polygonaceae","Rumex","Accepted","FUZZY"
"Rumex bucephalophorus","Rumex bucephalophorus","wfo-0000403722","species","L.","Polygonaceae","Rumex","Accepted","MATCH"
"Rumex confertus","Rumex confertus","wfo-0000403630","species","Willd.","Polygonaceae","Rumex","Accepted","MATCH"
"Rumex conglomeratus","Rumex conglomeratus","wfo-0000403640","species","Murray","Polygonaceae","Rumex","Accepted","MATCH"
"Rumex crispus","Rumex crispus","wfo-0000403671","species","L.","Polygonaceae","Rumex","Accepted","MATCH"
"Rumex crispus crispus","Rumex crispus","wfo-0000403671","species","L.","Polygonaceae","Rumex","Accepted","FUZZY"
"Rumex cristatus","Rumex cristatus","wfo-0000403661","species","DC.","Polygonaceae","Rumex","Accepted","MATCH"
"Rumex longifolius","Rumex longifolius","wfo-0000403459","species","DC.","Polygonaceae","Rumex","Accepted","MATCH"
"Rumex obtusifolius","Rumex obtusifolius","wfo-0000403904","species","L.","Polygonaceae","Rumex","Accepted","MATCH"
"Rumex obtusifolius obtusifolius","Rumex obtusifolius","wfo-0000403904","species","L.","Polygonaceae","Rumex","Accepted","FUZZY"
"Rumex palustris","Rumex palustris","wfo-0000403943","species","Sm.","Polygonaceae","Rumex","Accepted","MATCH"
"Rumex patientia","Rumex patientia","wfo-0000403926","species","L.","Polygonaceae","Rumex","Accepted","MATCH"
"Rumex pulcher","Rumex pulcher","wfo-0000404086","species","L.","Polygonaceae","Rumex","Accepted","MATCH"
"Rumex pulcher woodsii","Rumex pulcher","wfo-0000404086","species","L.","Polygonaceae","Rumex","Accepted","FUZZY"
"Rumex roseus","Rumex roseus","wfo-0001101433","species","L.","Polygonaceae","Rumex","Accepted","MATCH"
"Rumex sanguineus","Rumex sanguineus","wfo-0000404004","species","L.","Polygonaceae","Rumex","Accepted","MATCH"
"Rumex scutatus","Rumex scutatus","wfo-0000404032","species","L.","Polygonaceae","Rumex","Accepted","MATCH"
"Rumex stenophyllus","Rumex stenophyllus","wfo-0000400136","species","Ledeb.","Polygonaceae","Rumex","Accepted","MATCH"
"Rumex thyrsiflorus","Rumex thyrsiflorus","wfo-0000400074","species","Fingerh.","Polygonaceae","Rumex","Accepted","MATCH"
"Rumex thyrsiflorus","Rumex thyrsiflorus","wfo-0000400074","species","Fingerh.","Polygonaceae","Rumex","Accepted","MATCH"
"Rumex thyrsoides","Rumex thyrsoides","wfo-0000400076","species","Desf.","Polygonaceae","Rumex","Accepted","MATCH"
"Rumex x pratensis","Rumex × pratensis","wfo-0000404048","species","Mert. & W.D.J.Koch","Polygonaceae","Rumex","Accepted","FUZZY"
"Ruscus","Ruscus","wfo-4000033648","genus","L.","Asparagaceae","Ruscus","Accepted","MATCH"
"Ruscus aculeatus","Ruscus aculeatus","wfo-0000732428","species","L.","Asparagaceae","Ruscus","Accepted","MATCH"
"Ruta chalepensis","Ruta chalepensis","wfo-0000463803","species","L.","Rutaceae","Ruta","Accepted","MATCH"
"Ruta graveolens","Ruta graveolens","wfo-0000463744","species","L.","Rutaceae","Ruta","Accepted","MATCH"
"Sabulina tenuifolia","Sabulina tenuifolia","wfo-0000438413","species","(L.) Rchb.","Caryophyllaceae","Sabulina","Accepted","MATCH"
"Sabulina tenuifolia laxa","Sabulina tenuifolia var. palaestina","wfo-1200115316","variety","(McNeill) Iamonico","Caryophyllaceae","Sabulina","Accepted","FUZZY"
"Sagina","Sagina","wfo-4000033779","genus","L.","Caryophyllaceae","Sagina","Accepted","MATCH"
"Sagina apetala","Sagina apetala","wfo-0000438405","species","Ard.","Caryophyllaceae","Sagina","Accepted","MATCH"
"Sagina procumbens","Sagina procumbens","wfo-0000438492","species","L.","Caryophyllaceae","Sagina","Accepted","MATCH"
"Salix","Salix","wfo-4000033844","genus","L.","Salicaceae","Salix","Accepted","MATCH"
"Salix alba","Salix alba","wfo-0000929085","species","L.","Salicaceae","Salix","Accepted","MATCH"
"Salix atrocinerea","Salix atrocinerea","wfo-0000928979","species","Brot.","Salicaceae","Salix","Accepted","MATCH"
"Salix aurita","Salix aurita","wfo-0000928968","species","Host","Salicaceae","Salix","Accepted","MATCH"
"Salix caprea","Salix caprea","wfo-0000929313","species","L.","Salicaceae","Salix","Accepted","MATCH"
"Salix cinerea","Salix cinerea","wfo-0000929149","species","L.","Salicaceae","Salix","Accepted","MATCH"
"Salix fragilis","Salix × fragilis","wfo-0000928470","species","L.","Salicaceae","Salix","Accepted","MATCH"
"Salix myrsinifolia","Salix myrsinifolia","wfo-0000929897","species","Salisb.","Salicaceae","Salix","Accepted","MATCH"
"Salix purpurea","Salix purpurea","wfo-0000930408","species","L.","Salicaceae","Salix","Accepted","MATCH"
"Salix triandra","Salix triandra","wfo-0000929571","species","L.","Salicaceae","Salix","Accepted","MATCH"
"Salix x fragilis","Salix × fragilis","wfo-0000928470","species","L.","Salicaceae","Salix","Accepted","FUZZY"
"Salsola kali","Salsola kali","wfo-0000435928","species","L.","Chenopodiaceae","Salsola","Accepted","MATCH"
"Salsola vermiculata","Salsola vermiculata","wfo-0000437736","species","L.","Chenopodiaceae","Salsola","Accepted","MATCH"
"Salvia","Salvia","wfo-4000033888","genus","L.","Lamiaceae","Salvia","Accepted","MATCH"
"Salvia nemorosa","Salvia nemorosa","wfo-0000301687","species","L.","Lamiaceae","Salvia","Accepted","MATCH"
"Salvia officinalis","Salvia officinalis","wfo-0000301765","species","L.","Lamiaceae","Salvia","Accepted","MATCH"
"Salvia pratensis","Salvia pratensis","wfo-0000301989","species","L.","Lamiaceae","Salvia","Accepted","MATCH"
"Salvia rosmarinus","Salvia rosmarinus","wfo-0000302167","species","Spenn.","Lamiaceae","Salvia","Accepted","MATCH"
"Salvia sclarea","Salvia sclarea","wfo-0000302258","species","L.","Lamiaceae","Salvia","Accepted","MATCH"
"Salvia verbenaca","Salvia verbenaca","wfo-0000302591","species","L.","Lamiaceae","Salvia","Accepted","MATCH"
"Salvia verticillata","Salvia verticillata","wfo-0000302602","species","L.","Lamiaceae","Salvia","Accepted","MATCH"
"Salvia viridis","Salvia viridis","wfo-0000302616","species","L.","Lamiaceae","Salvia","Accepted","MATCH"
"Sambucus","Sambucus","wfo-4000033909","genus","L.","Viburnaceae","Sambucus","Accepted","MATCH"
"Sambucus ebulus","Sambucus ebulus","wfo-0000439387","species","L.","Viburnaceae","Sambucus","Accepted","MATCH"
"Sambucus nigra","Sambucus nigra","wfo-0000439308","species","L.","Viburnaceae","Sambucus","Accepted","MATCH"
"Sanguisorba","Sanguisorba","wfo-4000033941","genus","L.","Rosaceae","Sanguisorba","Accepted","MATCH"
"Sanguisorba minor","Sanguisorba minor","wfo-0001015888","species","Scop.","Rosaceae","Sanguisorba","Accepted","MATCH"
"Sanguisorba minor verrucosa","Sanguisorba verrucosa","wfo-0001007748","species","(Link ex G.Don) Ces.","Rosaceae","Sanguisorba","Accepted","FUZZY"
"Sanguisorba officinalis","Sanguisorba officinalis","wfo-0000983287","species","L.","Rosaceae","Sanguisorba","Accepted","MATCH"
"Sanguisorba verrucosa","Sanguisorba verrucosa","wfo-0001007748","species","(Link ex G.Don) Ces.","Rosaceae","Sanguisorba","Accepted","MATCH"
"Santolina chamaecyparissus","Santolina chamaecyparissus","wfo-0000045085","species","L.","Asteraceae","Santolina","Accepted","MATCH"
"Saponaria ocymoides ocymoides","Saponaria ocymoides","wfo-0000438210","species","L.","Caryophyllaceae","Saponaria","Accepted","FUZZY"
"Saponaria officinalis","Saponaria officinalis","wfo-0000438211","species","L.","Caryophyllaceae","Saponaria","Accepted","MATCH"
"Satureja","Satureja","wfo-4000034152","genus","L.","Lamiaceae","Satureja","Accepted","MATCH"
"Satureja montana","Satureja montana","wfo-0000304338","species","L.","Lamiaceae","Satureja","Accepted","MATCH"
"Saxifraga granulata","Saxifraga granulata","wfo-0000494893","species","L.","Saxifragaceae","Saxifraga","Accepted","MATCH"
"Saxifraga tridactylites","Saxifraga tridactylites","wfo-0000494585","species","L.","Saxifragaceae","Saxifraga","Accepted","MATCH"
"Scabiosa","Scabiosa","wfo-4000034213","genus","L.","Caprifoliaceae","Scabiosa","Accepted","MATCH"
"Scabiosa atropurpurea","Scabiosa atropurpurea","wfo-0000500186","species","L.","Caprifoliaceae","Scabiosa","Accepted","MATCH"
"Scabiosa atropurpurea maritima","Scabiosa atropurpurea","wfo-0000500186","species","L.","Caprifoliaceae","Scabiosa","Accepted","FUZZY"
"Scabiosa columbaria","Scabiosa columbaria","wfo-0000500277","species","L.","Caprifoliaceae","Scabiosa","Accepted","MATCH"
"Scabiosa lucida","Scabiosa lucida","wfo-0000500124","species","Vill.","Caprifoliaceae","Scabiosa","Accepted","MATCH"
"Scabiosa maritima","Scabiosa atropurpurea","wfo-0000500186","species","L.","Caprifoliaceae","Scabiosa","Accepted","MATCH"
"Scandix australis","Scandix australis","wfo-0000435240","species","L.","Apiaceae","Scandix","Accepted","MATCH"
"Scandix pecten veneris","Scandix pecten-veneris","wfo-0000434334","species","L.","Apiaceae","Scandix","Accepted","FUZZY"
"Scandix pecten-veneris","Scandix pecten-veneris","wfo-0000434334","species","L.","Apiaceae","Scandix","Accepted","MATCH"
"Schedonnardus","Muhlenbergia","wfo-4000024954","genus","Schreb.","Poaceae","Muhlenbergia","Accepted","MATCH"
"Schedonorus arundinaceus","Lolium arundinaceum","wfo-0000878351","species","(Schreb.) Darbysh.","Poaceae","Lolium","Accepted","MATCH"
"Schedonorus arundinaceus arundinaceus","Lolium arundinaceum","wfo-0000878351","species","(Schreb.) Darbysh.","Poaceae","Lolium","Accepted","FUZZY"
"Schedonorus giganteus","Lolium giganteum","wfo-0000878391","species","(L.) Darbysh.","Poaceae","Lolium","Accepted","MATCH"
"Schedonorus pratensis","Lolium pratense","wfo-0000878460","species","(Huds.) Darbysh.","Poaceae","Lolium","Accepted","MATCH"
"Schedonorus pratensis pratensis","Lolium pratense","wfo-0000878460","species","(Huds.) Darbysh.","Poaceae","Lolium","Accepted","FUZZY"
"Schoedonorus arundinaceus","Lolium arundinaceum","wfo-0000878351","species","(Schreb.) Darbysh.","Poaceae","Lolium","Accepted","FUZZY"
"Schoedonorus pratensis","Lolium pratense","wfo-0000878460","species","(Huds.) Darbysh.","Poaceae","Lolium","Accepted","FUZZY"
"Scirpoides holoschoenus","Scirpoides holoschoenus","wfo-0000533499","species","(L.) Soják","Cyperaceae","Scirpoides","Accepted","MATCH"
"Scirpus silvaticus","Scirpus sylvaticus","wfo-0000546234","species","L.","Cyperaceae","Scirpus","Accepted","FUZZY"
"Scirpus sylvaticus","Scirpus sylvaticus","wfo-0000546234","species","L.","Cyperaceae","Scirpus","Accepted","MATCH"
"Scleranthus annuus","Scleranthus annuus","wfo-0000441933","species","L.","Caryophyllaceae","Scleranthus","Accepted","MATCH"
"Scleranthus annuus annuus","Scleranthus annuus","wfo-0000441933","species","L.","Caryophyllaceae","Scleranthus","Accepted","FUZZY"
"Scleranthus perennis","Scleranthus perennis","wfo-0000441934","species","L.","Caryophyllaceae","Scleranthus","Accepted","MATCH"
"Sclerochloa dura","Sclerochloa dura","wfo-0000898415","species","(L.) P.Beauv.","Poaceae","Sclerochloa","Accepted","MATCH"
"Scolymus","Scolymus","wfo-4000034797","genus","L.","Asteraceae","Scolymus","Accepted","MATCH"
"Scolymus hispanicus","Scolymus hispanicus","wfo-0000022425","species","L.","Asteraceae","Scolymus","Accepted","MATCH"
"Scolymus maculatus","Scolymus maculatus","wfo-0000091946","species","L.","Asteraceae","Scolymus","Accepted","MATCH"
"Scorpiurus muricatus","Scorpiurus muricatus","wfo-0000205858","species","L.","Fabaceae","Scorpiurus","Accepted","MATCH"
"Scorpiurus muricatus subvillosus","Scorpiurus muricatus","wfo-0000205858","species","L.","Fabaceae","Scorpiurus","Accepted","FUZZY"
"Scorpiurus subvillosus","Scorpiurus muricatus","wfo-0000205858","species","L.","Fabaceae","Scorpiurus","Accepted","MATCH"
"Scorpiurus vermiculatus","Scorpiurus vermiculatus","wfo-0000205896","species","L.","Fabaceae","Scorpiurus","Accepted","MATCH"
"Scorzonera","Scorzonera","wfo-4000034832","genus","L.","Asteraceae","Scorzonera","Accepted","MATCH"
"Scorzonera hirsuta","Gelasia villosa","wfo-0000088237","species","(Scop.) Cass.","Asteraceae","Gelasia","Accepted","MATCH"
"Scorzonera laciniata","Scorzonera laciniata","wfo-0000089937","species","Jacq.","Asteraceae","Scorzonera","Accepted","MATCH"
"Scorzoneroides","Scorzoneroides","wfo-4000034833","genus","Moench","Asteraceae","Scorzoneroides","Accepted","MATCH"
"Scorzoneroides autumnalis","Scorzoneroides autumnalis","wfo-0000022256","species","(L.) Moench","Asteraceae","Scorzoneroides","Accepted","MATCH"
"Scrophularia auriculata","Scrophularia auriculata","wfo-0000495559","species","L.","Scrophulariaceae","Scrophularia","Accepted","MATCH"
"Scrophularia nodosa","Scrophularia nodosa","wfo-0000496317","species","L.","Scrophulariaceae","Scrophularia","Accepted","MATCH"
"Scutellaria galericulata","Scutellaria galericulata","wfo-0000307828","species","L.","Lamiaceae","Scutellaria","Accepted","MATCH"
"Secale","Secale","wfo-4000034915","genus","L.","Poaceae","Secale","Accepted","MATCH"
"Secale cereale","Secale cereale","wfo-0000898524","species","L.","Poaceae","Secale","Accepted","MATCH"
"Securigera varia","Coronilla varia","wfo-0000213691","species","L.","Fabaceae","Coronilla","Accepted","MATCH"
"Sedum","Sedum","wfo-4000034941","genus","L.","Crassulaceae","Sedum","Accepted","MATCH"
"Sedum acre","Sedum acre","wfo-0000437124","species","L.","Crassulaceae","Sedum","Accepted","MATCH"
"Sedum album","Sedum album","wfo-0000438148","species","L.","Crassulaceae","Sedum","Accepted","MATCH"
"Sedum anglicum","Sedum anglicum","wfo-0000438101","species","Huds.","Crassulaceae","Sedum","Accepted","MATCH"
"Sedum maximum","Hylotelephium maximum","wfo-0000726956","species","(L.) Holub","Crassulaceae","Hylotelephium","Accepted","MATCH"
"Sedum rubens","Sedum rubens","wfo-0000436969","species","L.","Crassulaceae","Sedum","Accepted","MATCH"
"Sedum sediforme","Petrosedum sediforme","wfo-0000396518","species","(Jacq.) Grulich","Crassulaceae","Petrosedum","Accepted","MATCH"
"Sedum telephium","Hylotelephium telephium","wfo-0000726974","species","(L.) H.Ohba","Crassulaceae","Hylotelephium","Accepted","MATCH"
"Selinum carvifolia","Selinum carvifolium","wfo-0000434414","species","(L.) L.","Apiaceae","Selinum","Accepted","FUZZY"
"Senecio","Senecio","wfo-4000035060","genus","L.","Asteraceae","Senecio","Accepted","MATCH"
"Senecio erucifolius","Jacobaea erucifolia","wfo-0000119080","species","(L.) P.Gaertn., B.Mey. & Schreb.","Asteraceae","Jacobaea","Accepted","MATCH"
"Senecio gallicus","Senecio gallicus","wfo-0000061294","species","Vill.","Asteraceae","Senecio","Accepted","MATCH"
"Senecio inaequidens","Senecio inaequidens","wfo-0000064202","species","DC.","Asteraceae","Senecio","Accepted","MATCH"
"Senecio jacobaea","Jacobaea vulgaris","wfo-0000031875","species","Gaertn.","Asteraceae","Jacobaea","Accepted","MATCH"
"Senecio jacobea","Jacobaea vulgaris","wfo-0000031875","species","Gaertn.","Asteraceae","Jacobaea","Accepted","FUZZY"
"Senecio leucanthemifolius","Senecio leucanthemifolius","wfo-0000082704","species","Poir.","Asteraceae","Senecio","Accepted","MATCH"
"Senecio leucanthemifolius vernalis","Senecio leucanthemifolius","wfo-0000082704","species","Poir.","Asteraceae","Senecio","Accepted","FUZZY"
"Senecio lividus","Senecio lividus","wfo-0000122180","species","L.","Asteraceae","Senecio","Accepted","MATCH"
"Senecio sylvaticus","Senecio sylvaticus","wfo-0000041240","species","L.","Asteraceae","Senecio","Accepted","MATCH"
"Senecio vernalis","Senecio leucanthemifolius subsp. vernalis","wfo-0000100018","subspecies","(Waldst. & Kit.) Greuter","Asteraceae","Senecio","Accepted","MATCH"
"Senecio viscosus","Senecio viscosus","wfo-0000095374","species","L.","Asteraceae","Senecio","Accepted","MATCH"
"Senecio vulgaris","Senecio vulgaris","wfo-0000011329","species","L.","Asteraceae","Senecio","Accepted","MATCH"
"Senecio vulgaris vulgaris","Senecio vulgaris","wfo-0000011329","species","L.","Asteraceae","Senecio","Accepted","FUZZY"
"Serapias lingua","Serapias lingua","wfo-0000309419","species","L.","Orchidaceae","Serapias","Accepted","MATCH"
"Serapias vomeracea","Serapias vomeracea","wfo-0000309552","species","(Burm.f.) Briq.","Orchidaceae","Serapias","Accepted","MATCH"
"Setaria","Setaria","wfo-4000035199","genus","P.Beauv.","Poaceae","Setaria","Accepted","MATCH"
"Setaria adhaerens","Setaria adhaerens","wfo-0000898969","species","(Forssk.) Chiov.","Poaceae","Setaria","Accepted","MATCH"
"Setaria faberi","Setaria faberi","wfo-0000899140","species","R.A.W.Herrm.","Poaceae","Setaria","Accepted","MATCH"
"Setaria glauca","Cenchrus americanus","wfo-0000917339","species","(L.) Morrone","Poaceae","Cenchrus","Accepted","MATCH"
"Setaria italica","Setaria italica","wfo-0000899281","species","(L.) P.Beauv.","Poaceae","Setaria","Accepted","MATCH"
"Setaria italica italica","Setaria italica","wfo-0000899281","species","(L.) P.Beauv.","Poaceae","Setaria","Accepted","FUZZY"
"Setaria italica viridis","Setaria italica","wfo-0000899281","species","(L.) P.Beauv.","Poaceae","Setaria","Accepted","FUZZY"
"Setaria parviflora","Setaria parviflora","wfo-0000899442","species","(Poir.) Kerguélen","Poaceae","Setaria","Accepted","MATCH"
"Setaria pumila","Setaria pumila","wfo-0000899491","species","(Poir.) Roem. & Schult.","Poaceae","Setaria","Accepted","MATCH"
"Setaria verticillata","Setaria verticillata","wfo-0000899661","species","(L.) P.Beauv.","Poaceae","Setaria","Accepted","MATCH"
"Setaria verticillata ambigua","Setaria verticillata","wfo-0000899661","species","(L.) P.Beauv.","Poaceae","Setaria","Accepted","FUZZY"
"Setaria viridis","Setaria viridis","wfo-0000899679","species","(L.) P.Beauv.","Poaceae","Setaria","Accepted","MATCH"
"Setaria viridis viridis","Setaria viridis","wfo-0000899679","species","(L.) P.Beauv.","Poaceae","Setaria","Accepted","FUZZY"
"Sheradia arvensis","Sherardia arvensis","wfo-0000309707","species","L.","Rubiaceae","Sherardia","Accepted","FUZZY"
"Sherardia","Sherardia","wfo-4000035242","genus","L.","Rubiaceae","Sherardia","Accepted","MATCH"
"Sherardia arvensis","Sherardia arvensis","wfo-0000309707","species","L.","Rubiaceae","Sherardia","Accepted","MATCH"
"Sicyos","Sicyos","wfo-4000035299","genus","L.","Cucurbitaceae","Sicyos","Accepted","MATCH"
"Sicyos angulatus","Sicyos angulatus","wfo-0000441537","species","L.","Cucurbitaceae","Sicyos","Accepted","MATCH"
"Sideritis romana","Sideritis romana","wfo-0000310409","species","L.","Lamiaceae","Sideritis","Accepted","MATCH"
"Sideritis romana romana","Sideritis romana","wfo-0000310409","species","L.","Lamiaceae","Sideritis","Accepted","FUZZY"
"Silaum silaus","Silaum silaus","wfo-0000434202","species","(L.) Schinz & Thell.","Apiaceae","Silaum","Accepted","MATCH"
"Silena gallica","Silene gallica","wfo-0000440573","species","L.","Caryophyllaceae","Silene","Accepted","FUZZY"
"Silene","Silene","wfo-4000035363","genus","L.","Caryophyllaceae","Silene","Accepted","MATCH"
"Silene alba","Silene latifolia subsp. alba","wfo-0000440845","subspecies","(Mill.) Greuter & Burdet","Caryophyllaceae","Silene","Accepted","MATCH"
"Silene armeria","Atocion armeria","wfo-0000555618","species","(L.) Raf.","Caryophyllaceae","Atocion","Accepted","MATCH"
"Silene bellidifolia","Silene bellidifolia","wfo-0000438851","species","Jacq.","Caryophyllaceae","Silene","Accepted","MATCH"
"Silene conica","Silene conica","wfo-0000438672","species","L.","Caryophyllaceae","Silene","Accepted","MATCH"
"Silene conoidea","Silene conoidea","wfo-0000438677","species","L.","Caryophyllaceae","Silene","Accepted","MATCH"
"Silene coronaria","Silene coronaria","wfo-0000440513","species","(L.) Clairv.","Caryophyllaceae","Silene","Accepted","MATCH"
"Silene cretica","Silene cretica","wfo-0000440510","species","L.","Caryophyllaceae","Silene","Accepted","MATCH"
"Silene dichotoma","Silene dichotoma","wfo-0000440488","species","Ehrh.","Caryophyllaceae","Silene","Accepted","MATCH"
"Silene dioica","Silene dioica","wfo-0000440478","species","(L.) Clairv.","Caryophyllaceae","Silene","Accepted","MATCH"
"Silene dioica dioica","Silene dioica","wfo-0000440478","species","(L.) Clairv.","Caryophyllaceae","Silene","Accepted","FUZZY"
"Silene flos-cuculi","Silene flos-cuculi","wfo-0000438691","species","(L.) Greuter & Burdet","Caryophyllaceae","Silene","Accepted","MATCH"
"Silene gallica","Silene gallica","wfo-0000440573","species","L.","Caryophyllaceae","Silene","Accepted","MATCH"
"Silene italica","Silene italica","wfo-0000440393","species","(L.) Pers.","Caryophyllaceae","Silene","Accepted","MATCH"
"Silene latifolia","Silene latifolia","wfo-0000440842","species","Poir.","Caryophyllaceae","Silene","Accepted","MATCH"
"Silene latifolia alba","Silene latifolia subsp. alba","wfo-0000440845","subspecies","(Mill.) Greuter & Burdet","Caryophyllaceae","Silene","Accepted","FUZZY"
"Silene latifolia latifolia","Silene latifolia","wfo-0000440842","species","Poir.","Caryophyllaceae","Silene","Accepted","FUZZY"
"Silene muscipula","Silene muscipula","wfo-0000440676","species","L.","Caryophyllaceae","Silene","Accepted","MATCH"
"Silene nicaeensis","Silene nicaeensis","wfo-0000440672","species","All.","Caryophyllaceae","Silene","Accepted","MATCH"
"Silene niceensis","Silene nicaeensis","wfo-0000440672","species","All.","Caryophyllaceae","Silene","Accepted","FUZZY"
"Silene noctiflora","Silene noctiflora","wfo-0000440809","species","L.","Caryophyllaceae","Silene","Accepted","MATCH"
"Silene nocturna","Silene nocturna","wfo-0000440805","species","L.","Caryophyllaceae","Silene","Accepted","MATCH"
"Silene nutans","Silene nutans","wfo-0000440799","species","L.","Caryophyllaceae","Silene","Accepted","MATCH"
"Silene nutans nutans","Silene nutans","wfo-0000440799","species","L.","Caryophyllaceae","Silene","Accepted","FUZZY"
"Silene sicula","Silene italica subsp. sicula","wfo-0000440376","subspecies","(Ucria) Jeanm.","Caryophyllaceae","Silene","Accepted","MATCH"
"Silene stricta","Silene stricta","wfo-0000439608","species","L.","Caryophyllaceae","Silene","Accepted","MATCH"
"Silene vulgaris","Silene vulgaris","wfo-0000440200","species","(Moench) Garcke","Caryophyllaceae","Silene","Accepted","MATCH"
"Silene vulgaris vulgaris","Silene vulgaris","wfo-0000440200","species","(Moench) Garcke","Caryophyllaceae","Silene","Accepted","FUZZY"
"Silphium perfoliatum","Silphium perfoliatum","wfo-0000086134","species","L.","Asteraceae","Silphium","Accepted","MATCH"
"Silybum","Silybum","wfo-4000035387","genus","Adans.","Asteraceae","Silybum","Accepted","MATCH"
"Silybum marianum","Silybum marianum","wfo-0000014591","species","(L.) Gaertn.","Asteraceae","Silybum","Accepted","MATCH"
"Sinapis","Sinapis","wfo-4000035420","genus","L.","Brassicaceae","Sinapis","Accepted","MATCH"
"Sinapis alba","Sinapis alba","wfo-0000432649","species","L.","Brassicaceae","Sinapis","Accepted","MATCH"
"Sinapis alba alba","Sinapis alba","wfo-0000432649","species","L.","Brassicaceae","Sinapis","Accepted","FUZZY"
"Sinapis arvensis","Mutarda arvensis","wfo-1000044269","species","(L.) D.A.German","Brassicaceae","Mutarda","Accepted","MATCH"
"Sinapis arvensis arvensis","Mutarda arvensis","wfo-1000044269","species","(L.) D.A.German","Brassicaceae","Mutarda","Accepted","FUZZY"
"Sison","Sison","wfo-4000035544","genus","L.","Apiaceae","Sison","Accepted","MATCH"
"Sison amomum","Sison amomum","wfo-0000431407","species","L.","Apiaceae","Sison","Accepted","MATCH"
"Sison segetum","Sison segetum","wfo-0000431444","species","L.","Apiaceae","Sison","Accepted","MATCH"
"Sisymbrella aspera","Sisymbrella aspera","wfo-0000432550","species","(L.) Spach","Brassicaceae","Sisymbrella","Accepted","MATCH"
"Sisymbrium","Sisymbrium","wfo-4000035549","genus","L.","Brassicaceae","Sisymbrium","Accepted","MATCH"
"Sisymbrium altissimum","Sisymbrium altissimum","wfo-0000432490","species","L.","Brassicaceae","Sisymbrium","Accepted","MATCH"
"Sisymbrium austriacum","Sisymbrium austriacum","wfo-0000432508","species","Jacq.","Brassicaceae","Sisymbrium","Accepted","MATCH"
"Sisymbrium irio","Sisymbrium irio","wfo-0000431928","species","L.","Brassicaceae","Sisymbrium","Accepted","MATCH"
"Sisymbrium loeselii","Sisymbrium loeselii","wfo-0000432028","species","L.","Brassicaceae","Sisymbrium","Accepted","MATCH"
"Sisymbrium officinale","Sisymbrium officinale","wfo-0000432010","species","(L.) Scop.","Brassicaceae","Sisymbrium","Accepted","MATCH"
"Sisymbrium orientale","Sisymbrium orientale","wfo-0000432013","species","L.","Brassicaceae","Sisymbrium","Accepted","MATCH"
"Sisymbrium runcinatum","Sisymbrium runcinatum","wfo-0000431807","species","Lag. ex DC.","Brassicaceae","Sisymbrium","Accepted","MATCH"
"Sixalix atropurpurea maritima","Scabiosa atropurpurea","wfo-0000500186","species","L.","Caprifoliaceae","Scabiosa","Accepted","FUZZY"
"Smilax aspera","Smilax aspera","wfo-0000740704","species","L.","Smilacaceae","Smilax","Accepted","MATCH"
"Smyrnium olusatrum","Smyrnium olusatrum","wfo-0000431292","species","L.","Apiaceae","Smyrnium","Accepted","MATCH"
"Solanum","Solanum","wfo-4000035688","genus","L.","Solanaceae","Solanum","Accepted","MATCH"
"Solanum americanum","Solanum americanum","wfo-0001025878","species","Mill.","Solanaceae","Solanum","Accepted","MATCH"
"Solanum chenopodioides","Solanum chenopodioides","wfo-0001026988","species","Lam.","Solanaceae","Solanum","Accepted","MATCH"
"Solanum dulcamara","Solanum dulcamara","wfo-0001027661","species","L.","Solanaceae","Solanum","Accepted","MATCH"
"Solanum lycopersicum","Solanum lycopersicum","wfo-0001029216","species","L.","Solanaceae","Solanum","Accepted","MATCH"
"Solanum nigrum","Solanum nigrum","wfo-0001029815","species","L.","Solanaceae","Solanum","Accepted","MATCH"
"Solanum nigrum nigrum","Solanum americanum","wfo-0001025878","species","Mill.","Solanaceae","Solanum","Accepted","FUZZY"
"Solanum nigrum schultesii","Solanum nigrum","wfo-0001029815","species","L.","Solanaceae","Solanum","Accepted","FUZZY"
"Solanum nigrum villosum","Solanum villosum","wfo-0001032383","species","Mill.","Solanaceae","Solanum","Accepted","FUZZY"
"Solanum physalifolium","Solanum physalifolium","wfo-0001030389","species","Rusby","Solanaceae","Solanum","Accepted","MATCH"
"Solanum tuberosum","Solanum tuberosum","wfo-0001031908","species","L.","Solanaceae","Solanum","Accepted","MATCH"
"Solanum villosum","Solanum villosum","wfo-0001032383","species","Mill.","Solanaceae","Solanum","Accepted","MATCH"
"Solidago","Solidago","wfo-4000035732","genus","L.","Asteraceae","Solidago","Accepted","MATCH"
"Solidago canadensis","Solidago canadensis","wfo-0000060775","species","L.","Asteraceae","Solidago","Accepted","MATCH"
"Solidago gigantea","Solidago gigantea","wfo-0000130517","species","Aiton","Asteraceae","Solidago","Accepted","MATCH"
"Solidago virgaurea","Solidago virgaurea","wfo-0000019900","species","Bigelow","Asteraceae","Solidago","Accepted","MATCH"
"Sonchus","Sonchus","wfo-4000035760","genus","L.","Asteraceae","Sonchus","Accepted","MATCH"
"Sonchus arvenses","Sonchus arvensis","wfo-0000092611","species","L.","Asteraceae","Sonchus","Accepted","FUZZY"
"Sonchus arvensis","Sonchus arvensis","wfo-0000092611","species","L.","Asteraceae","Sonchus","Accepted","MATCH"
"Sonchus arvensis arvensis","Sonchus arvensis","wfo-0000092611","species","L.","Asteraceae","Sonchus","Accepted","FUZZY"
"Sonchus arvensis uliginosus","Sonchus arvensis","wfo-0000092611","species","L.","Asteraceae","Sonchus","Accepted","FUZZY"
"Sonchus asper","Sonchus asper","wfo-0000031264","species","(L.) Hill","Asteraceae","Sonchus","Accepted","MATCH"
"Sonchus asper asper","Sonchus asper","wfo-0000031264","species","(L.) Hill","Asteraceae","Sonchus","Accepted","FUZZY"
"Sonchus asper glaucescens","Sonchus asper","wfo-0000031264","species","(L.) Hill","Asteraceae","Sonchus","Accepted","FUZZY"
"Sonchus oleraceus","Sonchus oleraceus","wfo-0000069236","species","L.","Asteraceae","Sonchus","Accepted","MATCH"
"Sonchus tenerrimus","Sonchus tenerrimus","wfo-0000044509","species","L.","Asteraceae","Sonchus","Accepted","MATCH"
"Sorbus","Sorbus","wfo-4000035797","genus","L.","Rosaceae","Sorbus","Accepted","MATCH"
"Sorbus aucuparia","Sorbus aucuparia","wfo-0001016186","species","L.","Rosaceae","Sorbus","Accepted","MATCH"
"Sorbus aucuparia aucuparia","Sorbus aucuparia","wfo-0001016186","species","L.","Rosaceae","Sorbus","Accepted","FUZZY"
"Sorghum","Sorghum","wfo-4000035801","genus","Moench","Poaceae","Sorghum","Accepted","MATCH"
"Sorghum bicolor","Sorghum bicolor","wfo-0000900184","species","(L.) Moench","Poaceae","Sorghum","Accepted","MATCH"
"Sorghum halepense","Sorghum halepense","wfo-0000900376","species","(L.) Pers.","Poaceae","Sorghum","Accepted","MATCH"
"Sparganium erectum","Sparganium erectum","wfo-0000553880","species","L.","Typhaceae","Sparganium","Accepted","MATCH"
"Spergula","Spergula","wfo-4000035927","genus","L.","Caryophyllaceae","Spergula","Accepted","MATCH"
"Spergula arvensis","Spergula arvensis","wfo-0000439880","species","L.","Caryophyllaceae","Spergula","Accepted","MATCH"
"Spergula arvensis chieusseana","Spergula arvensis","wfo-0000439880","species","L.","Caryophyllaceae","Spergula","Accepted","FUZZY"
"Spergula morisonii","Spergula morisonii","wfo-0000440039","species","Boreau","Caryophyllaceae","Spergula","Accepted","MATCH"
"Spergula pentandra","Spergula pentandra","wfo-0000440022","species","L.","Caryophyllaceae","Spergula","Accepted","MATCH"
"Spergula rubra","Spergula rubra","wfo-0001291353","species","(L.) D.Dietr.","Caryophyllaceae","Spergula","Accepted","MATCH"
"Spergula segetalis","Spergula segetalis","wfo-0000439910","species","Vill.","Caryophyllaceae","Spergula","Unchecked","MATCH"
"Spergularia","Spergularia","wfo-4000035930","genus","(Pers.) J.Presl & C.Presl","Caryophyllaceae","Spergularia","Accepted","MATCH"
"Spergularia diandra","Spergularia diandra","wfo-0000436482","species","(Guss.) Heldr.","Caryophyllaceae","Spergularia","Accepted","MATCH"
"Spergularia media","Spergularia media","wfo-0000439919","species","(L.) C.Presl","Caryophyllaceae","Spergularia","Accepted","MATCH"
"Spergularia rubra","Spergularia rubra","wfo-0000436420","species","J.Presl & C.Presl","Caryophyllaceae","Spergularia","Accepted","MATCH"
"Spergularia rubra nicaeensis","Spergularia rubra","wfo-0000436420","species","J.Presl & C.Presl","Caryophyllaceae","Spergularia","Accepted","FUZZY"
"Spergularia segetalis","Spergularia segetalis","wfo-0000436424","species","(L.) G.Don","Caryophyllaceae","Spergularia","Accepted","MATCH"
"Sporobolus","Sporobolus","wfo-4000036182","genus","R.Br.","Poaceae","Sporobolus","Accepted","MATCH"
"Sporobolus indicus","Sporobolus indicus","wfo-0000901192","species","(L.) R.Br.","Poaceae","Sporobolus","Accepted","MATCH"
"Sporobulus",NA,"",NA,NA,NA,NA,NA,"NOT FOUND"
"Stachys","Stachys","wfo-4000036243","genus","L.","Lamiaceae","Stachys","Accepted","MATCH"
"Stachys alopecuros","Betonica alopecuros","wfo-0000329123","species","L.","Lamiaceae","Betonica","Accepted","MATCH"
"Stachys annua","Stachys annua","wfo-0000313685","species","(L.) L.","Lamiaceae","Stachys","Accepted","MATCH"
"Stachys arvensis","Stachys arvensis","wfo-0000313721","species","(L.) L.","Lamiaceae","Stachys","Accepted","MATCH"
"Stachys germanica","Stachys germanica","wfo-0000314021","species","L.","Lamiaceae","Stachys","Accepted","MATCH"
"Stachys germanica germanica","Stachys germanica","wfo-0000314021","species","L.","Lamiaceae","Stachys","Accepted","FUZZY"
"Stachys officinalis","Betonica officinalis","wfo-0000329771","species","L.","Lamiaceae","Betonica","Accepted","MATCH"
"Stachys palustris","Stachys palustris","wfo-0000314357","species","L.","Lamiaceae","Stachys","Accepted","MATCH"
"Stachys recta","Stachys recta","wfo-0000314473","species","L.","Lamiaceae","Stachys","Accepted","MATCH"
"Stachys recta grandiflora","Stachys recta","wfo-0000314473","species","L.","Lamiaceae","Stachys","Accepted","FUZZY"
"Stachys sylvatica","Stachys sylvatica","wfo-0000314658","species","L.","Lamiaceae","Stachys","Accepted","MATCH"
"Stellaria","Stellaria","wfo-4000036401","genus","L.","Caryophyllaceae","Stellaria","Accepted","MATCH"
"Stellaria alsine","Stellaria uliginosa","wfo-0000436845","species","Murray","Caryophyllaceae","Stellaria","Accepted","MATCH"
"Stellaria aquatica","Stellaria aquatica","wfo-0000436514","species","Scop.","Caryophyllaceae","Stellaria","Accepted","MATCH"
"Stellaria graminea","Stellaria graminea","wfo-0000436380","species","L.","Caryophyllaceae","Stellaria","Accepted","MATCH"
"Stellaria holostea","Rabelera holostea","wfo-1000079164","species","(L.) M.T.Sharples & E.A.Tripp","Caryophyllaceae","Rabelera","Accepted","MATCH"
"Stellaria media","Stellaria media","wfo-0000436325","species","(L.) Vill.","Caryophyllaceae","Stellaria","Accepted","MATCH"
"Stellaria neglecta","Stellaria neglecta","wfo-0000436807","species","(Lej.) Weihe","Caryophyllaceae","Stellaria","Accepted","MATCH"
"Stellaria pallida","Stellaria pallida","wfo-0000436821","species","(Dumort.) Crép.","Caryophyllaceae","Stellaria","Accepted","MATCH"
"Stellaria palustris","Stellaria palustris","wfo-0000436796","species","Retz.","Caryophyllaceae","Stellaria","Accepted","MATCH"
"Stipa capensis","Stipa dregeana","wfo-0000902014","species","Steud.","Poaceae","Stipa","Accepted","MATCH"
"Stipa capillata","Stipa capillata","wfo-0000901857","species","L.","Poaceae","Stipa","Accepted","MATCH"
"Strigosella africana","Strigosella africana","wfo-0000432092","species","(L.) Botsch.","Brassicaceae","Strigosella","Accepted","MATCH"
"Succisa pratensis","Succisa pratensis","wfo-0000500443","species","Moench","Caprifoliaceae","Succisa","Accepted","MATCH"
"Succowia balearica","Succowia balearica","wfo-0000432090","species","(L.) Medik.","Brassicaceae","Succowia","Accepted","MATCH"
"Sylibum marianum","Silybum marianum","wfo-0000014591","species","(L.) Gaertn.","Asteraceae","Silybum","Accepted","FUZZY"
"Symphoricarpos albus","Symphoricarpos albus","wfo-0000439047","species","(L.) S.F.Blake","Caprifoliaceae","Symphoricarpos","Accepted","MATCH"
"Symphyotrichum","Symphyotrichum","wfo-4000037221","genus","Nees","Asteraceae","Symphyotrichum","Accepted","MATCH"
"Symphyotrichum lanceolatum","Symphyotrichum lanceolatum","wfo-0000012570","species","(Willd.) G.L.Nesom","Asteraceae","Symphyotrichum","Accepted","MATCH"
"Symphyotrichum squamatum","Aster squamatus","wfo-0000050191","species","(Spreng.) Hieron.","Asteraceae","Aster","Accepted","MATCH"
"Symphyotrichum subulatum","Aster subulatus","wfo-0000116793","species","Michx.","Asteraceae","Aster","Accepted","MATCH"
"Symphytum","Symphytum","wfo-4000037231","genus","L.","Boraginaceae","Symphytum","Accepted","MATCH"
"Symphytum officinale","Symphytum officinale","wfo-0000432219","species","L.","Boraginaceae","Symphytum","Accepted","MATCH"
"Symphytum officinale officinale","Symphytum officinale","wfo-0000432219","species","L.","Boraginaceae","Symphytum","Accepted","FUZZY"
"Symphytum orientale","Symphytum orientale","wfo-0000432228","species","L.","Boraginaceae","Symphytum","Accepted","MATCH"
"Symphytum tuberosum","Symphytum tuberosum","wfo-0000432225","species","L.","Boraginaceae","Symphytum","Accepted","MATCH"
"Syringa vulgaris","Syringa vulgaris","wfo-0000818704","species","L.","Oleaceae","Syringa","Accepted","MATCH"
"Sysimbrium irio","Sisymbrium irio","wfo-0000431928","species","L.","Brassicaceae","Sisymbrium","Accepted","FUZZY"
"Taeniatherum caput-medusae","Taeniatherum caput-medusae","wfo-0000903362","species","(L.) Nevski","Poaceae","Taeniatherum","Accepted","MATCH"
"Tagetes","Tagetes","wfo-4000037446","genus","L.","Asteraceae","Tagetes","Accepted","MATCH"
"Tagetes minuta","Tagetes minuta","wfo-0000017317","species","L.","Asteraceae","Tagetes","Accepted","MATCH"
"Tamus communis","Dioscorea communis","wfo-0000389997","species","(L.) Caddick & Wilkin","Dioscoreaceae","Dioscorea","Accepted","MATCH"
"Tanacetum","Tanacetum","wfo-4000037526","genus","L.","Asteraceae","Tanacetum","Accepted","MATCH"
"Tanacetum corymbosum","Tanacetum corymbosum","wfo-0000003113","species","(L.) Sch.Bip.","Asteraceae","Tanacetum","Accepted","MATCH"
"Tanacetum vulgare","Tanacetum vulgare","wfo-0000114512","species","L.","Asteraceae","Tanacetum","Accepted","MATCH"
"Taraxacum","Taraxacum","wfo-4000037583","genus","F.H.Wigg.","Asteraceae","Taraxacum","Accepted","MATCH"
"Taraxacum campylodes","Taraxacum campylodes","wfo-0000093449","species","G.E.Haglund","Asteraceae","Taraxacum","Accepted","MATCH"
"Taraxacum erythrospermum","Taraxacum erythrospermum","wfo-0000020721","species","Andrz. ex Besser","Asteraceae","Taraxacum","Accepted","MATCH"
"Taraxacum fhwigg","Taraxacum","wfo-4000037583","genus","F.H.Wigg.","Asteraceae","Taraxacum","Accepted","FUZZY"
"Taraxacum officinale","Taraxacum officinale","wfo-0000062154","species","F.H.Wigg.","Asteraceae","Taraxacum","Unchecked","MATCH"
"Taraxacum tiroliense","Taraxacum tiroliense","wfo-0000127099","species","Dahlst.","Asteraceae","Taraxacum","Accepted","MATCH"
"Taxus baccata","Taxus baccata","wfo-0000408637","species","L.","Taxaceae","Taxus","Accepted","MATCH"
"Teesdalia nudicaulis","Teesdalia nudicaulis","wfo-0000411015","species","(L.) W.T.Aiton","Brassicaceae","Teesdalia","Accepted","MATCH"
"Teloxys aristata","Teloxys aristata","wfo-0000407046","species","(L.) Moq.","Chenopodiaceae","Teloxys","Accepted","MATCH"
"Teucrium","Teucrium","wfo-4000038030","genus","L.","Lamiaceae","Teucrium","Accepted","MATCH"
"Teucrium botrys","Teucrium botrys","wfo-0000321904","species","L.","Lamiaceae","Teucrium","Accepted","MATCH"
"Teucrium chamaedrys","Teucrium chamaedrys","wfo-0000321975","species","L.","Lamiaceae","Teucrium","Accepted","MATCH"
"Teucrium polium","Teucrium polium","wfo-0000322436","species","L.","Lamiaceae","Teucrium","Accepted","MATCH"
"Teucrium scorodonia","Teucrium scorodonia","wfo-0000322618","species","L.","Lamiaceae","Teucrium","Accepted","MATCH"
"Thalictrum flavum","Thalictrum flavum","wfo-0000454062","species","L.","Ranunculaceae","Thalictrum","Accepted","MATCH"
"Thalictrum lucidum","Thalictrum lucidum","wfo-0000453840","species","L.","Ranunculaceae","Thalictrum","Accepted","MATCH"
"Thalictrum minus","Thalictrum minus","wfo-0000453930","species","L.","Ranunculaceae","Thalictrum","Accepted","MATCH"
"Thapsia","Thapsia","wfo-4000038086","genus","L.","Apiaceae","Thapsia","Accepted","MATCH"
"Thesium dollineri","Thesium dollineri","wfo-0000454847","species","Murb. ex Velen.","Santalaceae","Thesium","Accepted","MATCH"
"Thesium humile","Thesium humile","wfo-0000454689","species","Vahl","Santalaceae","Thesium","Accepted","MATCH"
"Thlapsi arvense","Thlaspi arvense","wfo-0000410873","species","L.","Brassicaceae","Thlaspi","Accepted","FUZZY"
"Thlaspi","Thlaspi","wfo-4000038223","genus","L.","Brassicaceae","Thlaspi","Accepted","MATCH"
"Thlaspi alliaceum","Mummenhoffia alliacea","wfo-0001423852","species","(L.) Esmailbegi & Al-Shehbaz","Brassicaceae","Mummenhoffia","Accepted","MATCH"
"Thlaspi arvense","Thlaspi arvense","wfo-0000410873","species","L.","Brassicaceae","Thlaspi","Accepted","MATCH"
"Thlaspi perfoliatum","Microthlaspi perfoliatum","wfo-0000369668","species","(L.) F.K.Mey.","Brassicaceae","Microthlaspi","Accepted","MATCH"
"Thymbra capitata","Thymbra capitata","wfo-0000323594","species","(L.) Cav.","Lamiaceae","Thymbra","Accepted","MATCH"
"Thymelaea passerina","Thymelaea passerina","wfo-0000508045","species","(L.) Coss. & Germ.","Thymelaeaceae","Thymelaea","Accepted","MATCH"
"Thymelaea sanamunda","Thymelaea sanamunda","wfo-0000457610","species","All.","Thymelaeaceae","Thymelaea","Accepted","MATCH"
"Thymus","Thymus","wfo-4000038335","genus","L.","Lamiaceae","Thymus","Accepted","MATCH"
"Thymus pulegioides","Thymus pulegioides","wfo-0000324607","species","L.","Lamiaceae","Thymus","Accepted","MATCH"
"Thymus serpyllum","Thymus serpyllum","wfo-0000324739","species","L.","Lamiaceae","Thymus","Accepted","MATCH"
"Thymus spinulosus","Thymus spinulosus","wfo-0000324834","species","Ten.","Lamiaceae","Thymus","Accepted","MATCH"
"Thymus striatus","Thymus striatus","wfo-0000324843","species","Vahl","Lamiaceae","Thymus","Accepted","MATCH"
"Thymus vulgaris","Thymus vulgaris","wfo-0000324951","species","L.","Lamiaceae","Thymus","Accepted","MATCH"
"Tilia","Tilia","wfo-4000038415","genus","L.","Malvaceae","Tilia","Accepted","MATCH"
"Tilia cordata","Tilia cordata","wfo-0000457451","species","Mill.","Malvaceae","Tilia","Accepted","MATCH"
"Tilia platyphyllos","Tilia platyphyllos","wfo-0000456948","species","Scop.","Malvaceae","Tilia","Accepted","MATCH"
"Tolpis barbata","Tolpis barbata","wfo-0000091856","species","(L.) Gaertn.","Asteraceae","Tolpis","Accepted","MATCH"
"Tolpis barbata umbellata","Tolpis barbata","wfo-0000091856","species","(L.) Gaertn.","Asteraceae","Tolpis","Accepted","FUZZY"
"Tolpis umbellata","Tolpis umbellata","wfo-0000114536","species","Bertol.","Asteraceae","Tolpis","Accepted","MATCH"
"Tordylium","Tordylium","wfo-4000038576","genus","Tourn. ex L.","Apiaceae","Tordylium","Accepted","MATCH"
"Tordylium apulum","Tordylium apulum","wfo-0000409733","species","L.","Apiaceae","Tordylium","Accepted","MATCH"
"Tordylium maximum","Tordylium maximum","wfo-0000409654","species","L.","Apiaceae","Tordylium","Accepted","MATCH"
"Tordylium officinale","Tordylium officinale","wfo-0000409659","species","L.","Apiaceae","Tordylium","Accepted","MATCH"
"Torilis","Torilis","wfo-4000038583","genus","Adans.","Apiaceae","Torilis","Accepted","MATCH"
"Torilis arvensis","Torilis arvensis","wfo-0000409709","species","(Huds.) Link","Apiaceae","Torilis","Accepted","MATCH"
"Torilis arvensis arvensis","Torilis arvensis","wfo-0000409709","species","(Huds.) Link","Apiaceae","Torilis","Accepted","FUZZY"
"Torilis japonica","Torilis japonica","wfo-0000411355","species","DC.","Apiaceae","Torilis","Accepted","MATCH"
"Torilis leptophylla","Torilis leptophylla","wfo-0000411338","species","Rchb.f.","Apiaceae","Torilis","Accepted","MATCH"
"Torilis nodosa","Torilis nodosa","wfo-0000411340","species","(L.) Gaertn.","Apiaceae","Torilis","Accepted","MATCH"
"Torilis nodosa nodosa","Torilis nodosa","wfo-0000411340","species","(L.) Gaertn.","Apiaceae","Torilis","Accepted","FUZZY"
"Tracheophyta",NA,"",NA,NA,NA,NA,NA,"NOT FOUND"
"Tragopogon","Tragopogon","wfo-4000038774","genus","L.","Asteraceae","Tragopogon","Accepted","MATCH"
"Tragopogon crocifolius","Tragopogon crocifolius","wfo-0000004808","species","L.","Asteraceae","Tragopogon","Accepted","MATCH"
"Tragopogon dubius","Tragopogon dubius","wfo-0000122592","species","Scop.","Asteraceae","Tragopogon","Accepted","MATCH"
"Tragopogon orientalis","Tragopogon orientalis","wfo-0000029072","species","L.","Asteraceae","Tragopogon","Accepted","MATCH"
"Tragopogon porrifolius","Tragopogon porrifolius","wfo-0000091699","species","L.","Asteraceae","Tragopogon","Accepted","MATCH"
"Tragopogon pratensis","Tragopogon pratensis","wfo-0000080363","species","L.","Asteraceae","Tragopogon","Accepted","MATCH"
"Tragopogon pratensis minor","Tragopogon pratensis","wfo-0000080363","species","L.","Asteraceae","Tragopogon","Accepted","FUZZY"
"Tragopogon pratensis pratensis","Tragopogon pratensis f. pratensis","wfo-0000116826","form","L.","Asteraceae","Tragopogon","Accepted","FUZZY"
"Tragus racemosus","Tragus racemosus","wfo-0000903975","species","(L.) All.","Poaceae","Tragus","Accepted","MATCH"
"Tribulus terrestris","Tribulus terrestris","wfo-0000457857","species","L.","Zygophyllaceae","Tribulus","Accepted","MATCH"
"Trifolium","Trifolium","wfo-4000039133","genus","Tourn. ex L.","Fabaceae","Trifolium","Accepted","MATCH"
"Trifolium alexandrinum","Trifolium alexandrinum","wfo-0000212963","species","L.","Fabaceae","Trifolium","Accepted","MATCH"
"Trifolium alpestre","Trifolium alpestre","wfo-0000213941","species","L.","Fabaceae","Trifolium","Accepted","MATCH"
"Trifolium angustifolium","Trifolium angustifolium","wfo-0000212964","species","L.","Fabaceae","Trifolium","Accepted","MATCH"
"Trifolium arvense","Trifolium arvense","wfo-0000212967","species","L.","Fabaceae","Trifolium","Accepted","MATCH"
"Trifolium arvense arvense","Trifolium arvense","wfo-0000212967","species","L.","Fabaceae","Trifolium","Accepted","FUZZY"
"Trifolium aureum","Trifolium aureum","wfo-0000213947","species","Pollich","Fabaceae","Trifolium","Accepted","MATCH"
"Trifolium campestre","Trifolium campestre","wfo-0000212979","species","Schreb.","Fabaceae","Trifolium","Accepted","MATCH"
"Trifolium campestre campestre","Trifolium campestre","wfo-0000212979","species","Schreb.","Fabaceae","Trifolium","Accepted","FUZZY"
"Trifolium campestris","Trifolium campestre","wfo-0000212979","species","Schreb.","Fabaceae","Trifolium","Accepted","FUZZY"
"Trifolium cherleri","Trifolium cherleri","wfo-0000212983","species","L.","Fabaceae","Trifolium","Accepted","MATCH"
"Trifolium dubium","Trifolium dubium","wfo-0000212995","species","Sibth.","Fabaceae","Trifolium","Accepted","MATCH"
"Trifolium fragiferum","Trifolium fragiferum","wfo-0000213002","species","L.","Fabaceae","Trifolium","Accepted","MATCH"
"Trifolium glomeratum","Trifolium glomeratum","wfo-0000213007","species","L.","Fabaceae","Trifolium","Accepted","MATCH"
"Trifolium hirtum","Trifolium hirtum","wfo-0000213008","species","All.","Fabaceae","Trifolium","Accepted","MATCH"
"Trifolium hybridum","Trifolium hybridum","wfo-0000213009","species","L.","Fabaceae","Trifolium","Accepted","MATCH"
"Trifolium hybridum elegans","Trifolium hybridum","wfo-0000213009","species","L.","Fabaceae","Trifolium","Accepted","FUZZY"
"Trifolium hybridum hybridum","Trifolium hybridum","wfo-0000213009","species","L.","Fabaceae","Trifolium","Accepted","FUZZY"
"Trifolium incarnatum","Trifolium incarnatum","wfo-0000213010","species","L.","Fabaceae","Trifolium","Accepted","MATCH"
"Trifolium incarnatum incarnatum","Trifolium incarnatum","wfo-0000213010","species","L.","Fabaceae","Trifolium","Accepted","FUZZY"
"Trifolium incarnatum molinerii","Trifolium incarnatum","wfo-0000213010","species","L.","Fabaceae","Trifolium","Accepted","FUZZY"
"Trifolium lappaceum","Trifolium lappaceum","wfo-0000213022","species","L.","Fabaceae","Trifolium","Accepted","MATCH"
"Trifolium medium","Trifolium medium","wfo-0000213979","species","L.","Fabaceae","Trifolium","Accepted","MATCH"
"Trifolium micranthum","Trifolium micranthum","wfo-0000213000","species","Viv.","Fabaceae","Trifolium","Accepted","MATCH"
"Trifolium montanum","Trifolium montanum","wfo-0000213031","species","L.","Fabaceae","Trifolium","Accepted","MATCH"
"Trifolium nigrescens","Trifolium nigrescens","wfo-0000213035","species","Viv.","Fabaceae","Trifolium","Accepted","MATCH"
"Trifolium nigrescens nigrescens","Trifolium nigrescens","wfo-0000213035","species","Viv.","Fabaceae","Trifolium","Accepted","FUZZY"
"Trifolium pallidum","Trifolium pallidum","wfo-0000213043","species","Waldst. & Kit.","Fabaceae","Trifolium","Accepted","MATCH"
"Trifolium patens","Trifolium patens","wfo-0000213044","species","Schreb.","Fabaceae","Trifolium","Accepted","MATCH"
"Trifolium pratense","Trifolium pratense","wfo-0000213053","species","L.","Fabaceae","Trifolium","Accepted","MATCH"
"Trifolium repens","Trifolium repens","wfo-0000213062","species","L.","Fabaceae","Trifolium","Accepted","MATCH"
"Trifolium repens prostratum","Trifolium repens","wfo-0000213062","species","L.","Fabaceae","Trifolium","Accepted","FUZZY"
"Trifolium resupinatum","Trifolium resupinatum","wfo-0000213063","species","L.","Fabaceae","Trifolium","Accepted","MATCH"
"Trifolium rubens","Trifolium rubens","wfo-0000214000","species","L.","Fabaceae","Trifolium","Accepted","MATCH"
"Trifolium scabrum","Trifolium scabrum","wfo-0000213071","species","L.","Fabaceae","Trifolium","Accepted","MATCH"
"Trifolium scabrum scabrum","Trifolium scabrum","wfo-0000213071","species","L.","Fabaceae","Trifolium","Accepted","FUZZY"
"Trifolium squamosum","Trifolium squamosum","wfo-0000213082","species","L.","Fabaceae","Trifolium","Accepted","MATCH"
"Trifolium squarrosum","Trifolium squarrosum","wfo-0000213084","species","L.","Fabaceae","Trifolium","Accepted","MATCH"
"Trifolium stellatum","Trifolium stellatum","wfo-0000213085","species","L.","Fabaceae","Trifolium","Accepted","MATCH"
"Trifolium striatum","Trifolium striatum","wfo-0000213091","species","L.","Fabaceae","Trifolium","Accepted","MATCH"
"Trifolium strictum","Trifolium strictum","wfo-0000213092","species","L.","Fabaceae","Trifolium","Accepted","MATCH"
"Trifolium subterraneum","Trifolium subterraneum","wfo-0000213094","species","L.","Fabaceae","Trifolium","Accepted","MATCH"
"Trifolium suffocatum","Trifolium suffocatum","wfo-0000213096","species","L.","Fabaceae","Trifolium","Accepted","MATCH"
"Trifolium tomentosum","Trifolium tomentosum","wfo-0000213103","species","L.","Fabaceae","Trifolium","Accepted","MATCH"
"Trifolium vesiculosum","Trifolium vessiculosum","wfo-0000214014","species","Savi","Fabaceae","Trifolium","Accepted","FUZZY"
"Trigonella","Trigonella","wfo-4000039145","genus","L.","Fabaceae","Trigonella","Accepted","MATCH"
"Trigonella alba","Melilotus albus","wfo-0000212815","species","Medik.","Fabaceae","Melilotus","Accepted","MATCH"
"Trigonella altissima","Melilotus altissimus","wfo-0000185371","species","Thuill.","Fabaceae","Melilotus","Accepted","MATCH"
"Trigonella corniculata","Trigonella balansae","wfo-0000214018","species","Boiss. & Reut.","Fabaceae","Trigonella","Accepted","MATCH"
"Trigonella esculenta","Trigonella esculenta","wfo-0000212940","species","Willd.","Fabaceae","Trigonella","Accepted","MATCH"
"Trigonella foenum-graecum","Trigonella foenum-graecum","wfo-0000212944","species","L.","Fabaceae","Trigonella","Accepted","MATCH"
"Trigonella gladiata","Trigonella gladiata","wfo-0000212945","species","Steven ex M.Bieb.","Fabaceae","Trigonella","Accepted","MATCH"
"Trigonella officinalis","Melilotus officinalis","wfo-0001055378","species","(L.) Lam.","Fabaceae","Melilotus","Accepted","MATCH"
"Trigonella wojciechowskii","Melilotus neapolitanus","wfo-0000185391","species","Ten. ex Guss.","Fabaceae","Melilotus","Accepted","MATCH"
"Trigonotis","Trigonotis","wfo-4000039172","genus","Steven","Boraginaceae","Trigonotis","Accepted","MATCH"
"Trigonotis peduncularis","Trigonotis peduncularis","wfo-0000411071","species","Steven ex Palib.","Boraginaceae","Trigonotis","Accepted","MATCH"
"Tripleurospermum","Tripleurospermum","wfo-4000039281","genus","Sch.Bip.","Asteraceae","Tripleurospermum","Accepted","MATCH"
"Tripleurospermum inodorum","Tripleurospermum inodorum","wfo-0000014118","species","(L.) Sch.Bip.","Asteraceae","Tripleurospermum","Accepted","MATCH"
"Tripleurospermum maritimum","Tripleurospermum maritimum","wfo-0000063085","species","(L.) W.D.J.Koch","Asteraceae","Tripleurospermum","Accepted","MATCH"
"Trisetaria aurea","Trisetaria aurea","wfo-0000904890","species","(Ten.) Pignatti","Poaceae","Trisetaria","Accepted","MATCH"
"Trisetaria panicea","Trisetaria panicea","wfo-0000904930","species","(Lam.) Paunero","Poaceae","Trisetaria","Accepted","MATCH"
"Trisetum flavescens","Trisetum flavescens","wfo-0000905119","species","(L.) P.Beauv.","Poaceae","Trisetum","Accepted","MATCH"
"Trisetum flavescens flavescens","Trisetum flavescens","wfo-0000905119","species","(L.) P.Beauv.","Poaceae","Trisetum","Accepted","FUZZY"
"Triticosecale","Triticosecale","wfo-4000039396","genus","Wittm. ex Degen","Poaceae","Triticosecale","Accepted","MATCH"
"Triticosecale rimpaui","Triticosecale rimpaui","wfo-0000841235","species","Wittm.","Poaceae","Triticosecale","Unchecked","MATCH"
"Triticum","Triticum","wfo-4000039397","genus","L.","Poaceae","Triticum","Accepted","MATCH"
"Triticum aestivum","Triticum aestivum","wfo-0000905667","species","L.","Poaceae","Triticum","Accepted","MATCH"
"Triticum aestivum spelta","Triticum aestivum","wfo-0000905667","species","L.","Poaceae","Triticum","Accepted","FUZZY"
"Triticum durum","Triticum turgidum subsp. durum","wfo-0000906469","subspecies","(Desf.) Husn.","Poaceae","Triticum","Accepted","MATCH"
"Triticum monococcum monococcum","Triticum monococcum","wfo-0000906149","species","L.","Poaceae","Triticum","Accepted","FUZZY"
"Triticum spelta","Triticum aestivum subsp. spelta","wfo-0000905674","subspecies","(L.) Thell.","Poaceae","Triticum","Accepted","MATCH"
"Triticum turgidum","Triticum turgidum","wfo-0000906463","species","L.","Poaceae","Triticum","Accepted","MATCH"
"Triticum turgidum durum","Triticum turgidum","wfo-0000906463","species","L.","Poaceae","Triticum","Accepted","FUZZY"
"Tulipa","Tulipa","wfo-4000039559","genus","L.","Liliaceae","Tulipa","Accepted","MATCH"
"Tulipa agenensis","Tulipa agenensis","wfo-0000744285","species","Redouté","Liliaceae","Tulipa","Accepted","MATCH"
"Tulipa aximensis","Tulipa agenensis","wfo-0000744285","species","Redouté","Liliaceae","Tulipa","Accepted","MATCH"
"Tulipa billietiana","Tulipa gesneriana","wfo-0000743525","species","L.","Liliaceae","Tulipa","Accepted","MATCH"
"Tulipa clusiana","Tulipa clusiana","wfo-0000744781","species","Redouté","Liliaceae","Tulipa","Accepted","MATCH"
"Tulipa didieri","Tulipa gesneriana","wfo-0000743525","species","L.","Liliaceae","Tulipa","Accepted","MATCH"
"Tulipa gesneriana","Tulipa gesneriana","wfo-0000743525","species","L.","Liliaceae","Tulipa","Accepted","MATCH"
"Tulipa lortetii","Tulipa agenensis","wfo-0000744285","species","Redouté","Liliaceae","Tulipa","Accepted","MATCH"
"Tulipa mauriana","Tulipa gesneriana","wfo-0000743525","species","L.","Liliaceae","Tulipa","Accepted","MATCH"
"Tulipa montisandrei","Tulipa gesneriana","wfo-0000743525","species","L.","Liliaceae","Tulipa","Accepted","MATCH"
"Tulipa planifolia","Tulipa gesneriana","wfo-0000743525","species","L.","Liliaceae","Tulipa","Accepted","MATCH"
"Tulipa raddii","Tulipa agenensis","wfo-0000744285","species","Redouté","Liliaceae","Tulipa","Accepted","MATCH"
"Tulipa sylvestris sylvestris","Tulipa sylvestris","wfo-0000746765","species","L.","Liliaceae","Tulipa","Accepted","FUZZY"
"Turgenia latifolia","Turgenia latifolia","wfo-0000411232","species","(L.) Hoffm.","Apiaceae","Turgenia","Accepted","MATCH"
"Tussilago farfara","Tussilago farfara","wfo-0000117140","species","L.","Asteraceae","Tussilago","Accepted","MATCH"
"Typha latifolia","Typha latifolia","wfo-0000595260","species","L.","Typhaceae","Typha","Accepted","MATCH"
"Tyrimnus leucographus","Tyrimnus leucographus","wfo-0000000838","species","Cass.","Asteraceae","Tyrimnus","Accepted","MATCH"
"Tyrmnus leucographus","Tyrimnus leucographus","wfo-0000000838","species","Cass.","Asteraceae","Tyrimnus","Accepted","FUZZY"
"Ulex","Ulex","wfo-4000039724","genus","L.","Fabaceae","Ulex","Accepted","MATCH"
"Ulex europaeus","Ulex europaeus","wfo-0000213410","species","L.","Fabaceae","Ulex","Accepted","MATCH"
"Ulmaceae","Ulmaceae","wfo-7000000630","family","Mirb.","Ulmaceae","","Accepted","MATCH"
"Ulmus","Ulmus","wfo-4000039733","genus","L.","Ulmaceae","Ulmus","Accepted","MATCH"
"Ulmus glabra","Ulmus glabra","wfo-0000416717","species","Huds.","Ulmaceae","Ulmus","Accepted","MATCH"
"Ulmus laevis","Ulmus laevis","wfo-0000416715","species","Pall.","Ulmaceae","Ulmus","Accepted","MATCH"
"Ulmus minor","Ulmus minor","wfo-0000416674","species","Mill.","Ulmaceae","Ulmus","Accepted","MATCH"
"Ulmus procera","Ulmus minor subsp. minor","wfo-1200063750","subspecies","","Ulmaceae","Ulmus","Accepted","MATCH"
"Umbilicus rupestris","Umbilicus rupestris","wfo-0000415401","species","(Salisb.) Dandy","Crassulaceae","Umbilicus","Accepted","MATCH"
"Urospermum dalechampii","Urospermum dalechampii","wfo-0000096788","species","(L.) Scop.","Asteraceae","Urospermum","Accepted","MATCH"
"Urospermum picroides","Urospermum picroides","wfo-0000024742","species","(L.) Scop. ex F.W.Schmidt","Asteraceae","Urospermum","Accepted","MATCH"
"Urtica","Urtica","wfo-4000039887","genus","L.","Urticaceae","Urtica","Accepted","MATCH"
"Urtica dioica","Urtica dioica","wfo-0000416616","species","L.","Urticaceae","Urtica","Accepted","MATCH"
"Urtica dioïca","Urtica dioica","wfo-0000416616","species","L.","Urticaceae","Urtica","Accepted","FUZZY"
"Urtica dioica dioica","Urtica dioica","wfo-0000416616","species","L.","Urticaceae","Urtica","Accepted","FUZZY"
"Urtica urens","Urtica urens","wfo-0000416948","species","L.","Urticaceae","Urtica","Accepted","MATCH"
"Vaccaria hispanica","Gypsophila vaccaria","wfo-0000713816","species","(L.) Sm.","Caryophyllaceae","Gypsophila","Accepted","MATCH"
"Vaccaria hispanica hispanica","Gypsophila vaccaria","wfo-0000713816","species","(L.) Sm.","Caryophyllaceae","Gypsophila","Accepted","FUZZY"
"Valeriana","Valeriana","wfo-4000039956","genus","L.","Caprifoliaceae","Valeriana","Accepted","MATCH"
"Valeriana dioica","Valeriana dioica","wfo-0000426833","species","L.","Caprifoliaceae","Valeriana","Accepted","MATCH"
"Valeriana excelsa sambucifolia","Valeriana excelsa","wfo-0000426842","species","Poir.","Caprifoliaceae","Valeriana","Accepted","FUZZY"
"Valeriana officinalis","Valeriana officinalis","wfo-0000426953","species","L.","Caprifoliaceae","Valeriana","Accepted","MATCH"
"Valeriana sambucifolia","Valeriana excelsa subsp. sambucifolia","wfo-0001366868","subspecies","(J.C.Mikan ex Pohl) Holub","Caprifoliaceae","Valeriana","Accepted","MATCH"
"Valerianella","Valerianella","wfo-4000039960","genus","Mill.","Caprifoliaceae","Valerianella","Accepted","MATCH"
"Valerianella carinata","Valeriana carinata","wfo-0001423367","species","(Loisel.) Christenh. & Byng","Caprifoliaceae","Valeriana","Accepted","MATCH"
"Valerianella coronata","Valerianella coronata","wfo-0000426273","species","(L.) DC.","Caprifoliaceae","Valerianella","Accepted","MATCH"
"Valerianella coronata pumila","Valeriana pumila","wfo-0000426998","species","(L.) Willd.","Caprifoliaceae","Valeriana","Accepted","FUZZY"
"Valerianella dentata","Valeriana dentata","wfo-0000426844","species","(L.) All.","Caprifoliaceae","Valeriana","Accepted","MATCH"
"Valerianella dentata rimosa","Valeriana rimosa","wfo-0001423348","species","(Bastard) Christenh. & Byng","Caprifoliaceae","Valeriana","Accepted","FUZZY"
"Valerianella discoidea","Valeriana discoidea","wfo-0000426831","species","(L.) Willd.","Caprifoliaceae","Valeriana","Accepted","MATCH"
"Valerianella echinata","Valeriana echinata","wfo-0000426826","species","L.","Caprifoliaceae","Valeriana","Accepted","MATCH"
"Valerianella eriocarpa","Valeriana eriocarpa","wfo-0001423331","species","(Desv.) Christenh. & Byng","Caprifoliaceae","Valeriana","Accepted","MATCH"
"Valerianella locusta","Valeriana locusta","wfo-0000426723","species","L.","Caprifoliaceae","Valeriana","Accepted","MATCH"
"Valerianella locusta carinata","Valeriana carinata","wfo-0001423367","species","(Loisel.) Christenh. & Byng","Caprifoliaceae","Valeriana","Accepted","FUZZY"
"Valerianella microcarpa","Valerianella abyssinica","wfo-0000426306","species","Fresen.","Caprifoliaceae","Valerianella","Accepted","MATCH"
"Valerianella multidentata","Valerianella multidentata","wfo-0000426331","species","Loscos & J.Pardo","Caprifoliaceae","Valerianella","Accepted","MATCH"
"Valerianella muricata","Valerianella muricata","wfo-0000426344","species","(Steven ex M.Bieb.) W.H.Baxter","Caprifoliaceae","Valerianella","Accepted","MATCH"
"Valerianella pumila","Valeriana pumila","wfo-0000426998","species","(L.) Willd.","Caprifoliaceae","Valeriana","Accepted","MATCH"
"Valerianella rimosa","Valeriana rimosa","wfo-0001423348","species","(Bastard) Christenh. & Byng","Caprifoliaceae","Valeriana","Accepted","MATCH"
"Verbascum","Verbascum","wfo-4000040135","genus","L.","Scrophulariaceae","Verbascum","Accepted","MATCH"
"Verbascum blattaria","Verbascum blattaria","wfo-0000420104","species","L.","Scrophulariaceae","Verbascum","Accepted","MATCH"
"Verbascum boerhavii","Verbascum boerhavii","wfo-1200035384","species","L.","Scrophulariaceae","Verbascum","Accepted","MATCH"
"Verbascum chaixii","Verbascum chaixii","wfo-0000420612","species","Vill.","Scrophulariaceae","Verbascum","Accepted","MATCH"
"Verbascum densiflorum","Verbascum densiflorum","wfo-0000420566","species","Bertol.","Scrophulariaceae","Verbascum","Accepted","MATCH"
"Verbascum lychnitis","Verbascum lychnitis","wfo-0000420406","species","L.","Scrophulariaceae","Verbascum","Accepted","MATCH"
"Verbascum nigrum","Verbascum nigrum","wfo-0000420517","species","L.","Scrophulariaceae","Verbascum","Accepted","MATCH"
"Verbascum phlomoides","Verbascum phlomoides","wfo-0000419193","species","L.","Scrophulariaceae","Verbascum","Accepted","MATCH"
"Verbascum phoeniceum","Verbascum phoeniceum","wfo-0000419358","species","L.","Scrophulariaceae","Verbascum","Accepted","MATCH"
"Verbascum pulverulentum","Verbascum pulverulentum","wfo-0000419292","species","Vill.","Scrophulariaceae","Verbascum","Accepted","MATCH"
"Verbascum sinuatum","Verbascum sinuatum","wfo-0000418899","species","L.","Scrophulariaceae","Verbascum","Accepted","MATCH"
"Verbascum speciosum","Verbascum speciosum","wfo-0000418942","species","Schrad.","Scrophulariaceae","Verbascum","Accepted","MATCH"
"Verbascum thapsus","Verbascum thapsus","wfo-0000419130","species","L.","Scrophulariaceae","Verbascum","Accepted","MATCH"
"Verbena","Verbena","wfo-4000040140","genus","L.","Verbenaceae","Verbena","Accepted","MATCH"
"Verbena officinalis","Verbena officinalis","wfo-0000332143","species","L.","Verbenaceae","Verbena","Accepted","MATCH"
"Verbena supina","Verbena supina","wfo-0000332390","species","L.","Verbenaceae","Verbena","Accepted","MATCH"
"Veronica","Veronica","wfo-4000040171","genus","L.","Plantaginaceae","Veronica","Accepted","MATCH"
"Veronica acinifolia","Veronica acinifolia","wfo-0000419721","species","L.","Plantaginaceae","Veronica","Accepted","MATCH"
"Veronica agrestis","Veronica agrestis","wfo-0000419706","species","L.","Plantaginaceae","Veronica","Accepted","MATCH"
"Veronica anagallis acuatica","Veronica anagallis-aquatica","wfo-0000419633","species","L.","Plantaginaceae","Veronica","Accepted","FUZZY"
"Veronica anagallis-aquatica","Veronica anagallis-aquatica","wfo-0000419633","species","L.","Plantaginaceae","Veronica","Accepted","MATCH"
"Veronica anagallis-aquatica aquatica","Veronica anagallis-aquatica","wfo-0000419633","species","L.","Plantaginaceae","Veronica","Accepted","FUZZY"
"Veronica arvensis","Veronica arvensis","wfo-0000419753","species","L.","Plantaginaceae","Veronica","Accepted","MATCH"
"Veronica beccabunga","Veronica beccabunga","wfo-0000419789","species","L.","Plantaginaceae","Veronica","Accepted","MATCH"
"Veronica catenata","Veronica catenata","wfo-0000419450","species","Pennell","Plantaginaceae","Veronica","Accepted","MATCH"
"Veronica chamaedrys","Veronica chamaedrys","wfo-0000419437","species","L.","Plantaginaceae","Veronica","Accepted","MATCH"
"Veronica cymbalaria","Veronica cymbalaria","wfo-0000419536","species","Bodard","Plantaginaceae","Veronica","Accepted","MATCH"
"Veronica filiformis","Veronica filiformis","wfo-0000419538","species","Sm.","Plantaginaceae","Veronica","Accepted","MATCH"
"Veronica hederifolia","Veronica hederifolia","wfo-0000425778","species","L.","Plantaginaceae","Veronica","Accepted","MATCH"
"Veronica hederifolia hederifolia","Veronica hederifolia","wfo-0000425778","species","L.","Plantaginaceae","Veronica","Accepted","FUZZY"
"Veronica montana","Veronica montana","wfo-0000426036","species","L.","Plantaginaceae","Veronica","Accepted","MATCH"
"Veronica officinalis","Veronica officinalis","wfo-0000426099","species","L.","Plantaginaceae","Veronica","Accepted","MATCH"
"Veronica opaca","Veronica opaca","wfo-0000426121","species","Fr.","Plantaginaceae","Veronica","Accepted","MATCH"
"Veronica peregrina","Veronica peregrina","wfo-0000426120","species","L.","Plantaginaceae","Veronica","Accepted","MATCH"
"Veronica persica","Veronica persica","wfo-0000425859","species","Poir.","Plantaginaceae","Veronica","Accepted","MATCH"
"Veronica polita","Veronica polita","wfo-0000425848","species","Fr.","Plantaginaceae","Veronica","Accepted","MATCH"
"Veronica praecox","Veronica praecox","wfo-0000425870","species","All.","Plantaginaceae","Veronica","Accepted","MATCH"
"Veronica prostrata","Veronica prostrata","wfo-0000425821","species","L.","Plantaginaceae","Veronica","Accepted","MATCH"
"Veronica serpyllifolia","Veronica serpyllifolia","wfo-0000425204","species","L.","Plantaginaceae","Veronica","Accepted","MATCH"
"Veronica serpyllifolia serpyllifolia","Veronica serpyllifolia","wfo-0000425204","species","L.","Plantaginaceae","Veronica","Accepted","FUZZY"
"Veronica spicata","Veronica spicata","wfo-0000425311","species","L.","Plantaginaceae","Veronica","Accepted","MATCH"
"Veronica triloba","Veronica triloba","wfo-0000425068","species","(Opiz) Opiz","Plantaginaceae","Veronica","Accepted","MATCH"
"Veronica triphyllos","Veronica triphyllos","wfo-0000425084","species","L.","Plantaginaceae","Veronica","Accepted","MATCH"
"Veronica urticifolia","Veronica urticifolia","wfo-0000425089","species","Jacq.","Plantaginaceae","Veronica","Accepted","MATCH"
"Veronica verna","Veronica verna","wfo-0000425925","species","L.","Plantaginaceae","Veronica","Accepted","MATCH"
"Viburnum","Viburnum","wfo-4000040226","genus","L.","Viburnaceae","Viburnum","Accepted","MATCH"
"Viburnum lantana","Viburnum lantana","wfo-0000421166","species","L.","Viburnaceae","Viburnum","Accepted","MATCH"
"Vicia","Vicia","wfo-4000040234","genus","L.","Fabaceae","Vicia","Accepted","MATCH"
"Vicia angustifolia","Vicia setifolia var. setifolia","wfo-0000180063","variety","","Fabaceae","Vicia","Accepted","MATCH"
"Vicia benghalensis","Vicia benghalensis","wfo-0000212730","species","L.","Fabaceae","Vicia","Accepted","MATCH"
"Vicia bithynica","Vicia bithynica","wfo-0000212732","species","(L.) L.","Fabaceae","Vicia","Accepted","MATCH"
"Vicia ciliata","Vicia ciliatula","wfo-0000187520","species","Lipsky","Fabaceae","Vicia","Accepted","MATCH"
"Vicia cracca","Vicia cracca","wfo-0000214046","species","L.","Fabaceae","Vicia","Accepted","MATCH"
"Vicia dasycarpa","Vicia villosa subsp. varia","wfo-0000212809","subspecies","(Host) Corb.","Fabaceae","Vicia","Accepted","MATCH"
"Vicia disperma","Vicia disperma","wfo-0000212735","species","DC.","Fabaceae","Vicia","Accepted","MATCH"
"Vicia eriocarpa","Vicia eriocarpa","wfo-0001056142","species","(Hausskn.) Halácsy","Fabaceae","Vicia","Accepted","MATCH"
"Vicia faba","Vicia faba","wfo-0000212739","species","L.","Fabaceae","Vicia","Accepted","MATCH"
"Vicia fabia","Vicia faba","wfo-0000212739","species","L.","Fabaceae","Vicia","Accepted","FUZZY"
"Vicia grandiflora","Vicia grandiflora","wfo-0000214052","species","Scop.","Fabaceae","Vicia","Accepted","MATCH"
"Vicia hirsuta","Vicia hirsuta","wfo-0000212743","species","(L.) Gray","Fabaceae","Vicia","Accepted","MATCH"
"Vicia hybrida","Vicia hybrida","wfo-0000212744","species","L.","Fabaceae","Vicia","Accepted","MATCH"
"Vicia johannis","Vicia johannis","wfo-0000186387","species","Tamamsch.","Fabaceae","Vicia","Accepted","MATCH"
"Vicia lathyroides","Vicia lathyroides","wfo-0000212745","species","L.","Fabaceae","Vicia","Accepted","MATCH"
"Vicia lens","Vicia lens","wfo-0000212728","species","(L.) Coss. & Germ.","Fabaceae","Vicia","Accepted","MATCH"
"Vicia lutea","Vicia lutea","wfo-0000212752","species","L.","Fabaceae","Vicia","Accepted","MATCH"
"Vicia lutea hirta","Vicia lutea","wfo-0000212752","species","L.","Fabaceae","Vicia","Accepted","FUZZY"
"Vicia monantha","Vicia monantha","wfo-0000212753","species","Retz.","Fabaceae","Vicia","Accepted","MATCH"
"Vicia narbonensis","Vicia narbonensis","wfo-0000212761","species","L.","Fabaceae","Vicia","Accepted","MATCH"
"Vicia nigra","Vicia sativa subsp. nigra","wfo-0000212782","subspecies","Ehrh.","Fabaceae","Vicia","Accepted","MATCH"
"Vicia pannonica","Vicia pannonica","wfo-0000212770","species","Crantz","Fabaceae","Vicia","Accepted","MATCH"
"Vicia pannonica pannonica","Vicia pannonica","wfo-0000212770","species","Crantz","Fabaceae","Vicia","Accepted","FUZZY"
"Vicia pannonica purpurascens","Vicia pannonica","wfo-0000212770","species","Crantz","Fabaceae","Vicia","Accepted","FUZZY"
"Vicia parviflora","Vicia parviflora","wfo-0000186391","species","Cav.","Fabaceae","Vicia","Accepted","MATCH"
"Vicia peregrina","Vicia peregrina","wfo-0000212776","species","L.","Fabaceae","Vicia","Accepted","MATCH"
"Vicia pisiformis","Vicia pisiformis","wfo-0000214062","species","L.","Fabaceae","Vicia","Accepted","MATCH"
"Vicia pubescens","Vicia pubescens","wfo-0000212777","species","(DC.) Link","Fabaceae","Vicia","Accepted","MATCH"
"Vicia sativa","Vicia sativa","wfo-0000212779","species","L.","Fabaceae","Vicia","Accepted","MATCH"
"Vicia sativa cordata","Vicia sativa","wfo-0000212779","species","L.","Fabaceae","Vicia","Accepted","FUZZY"
"Vicia sativa nigra","Vicia sativa","wfo-0000212779","species","L.","Fabaceae","Vicia","Accepted","FUZZY"
"Vicia sativa sativa","Vicia sativa","wfo-0000212779","species","L.","Fabaceae","Vicia","Accepted","FUZZY"
"Vicia sativa segetalis","Vicia sativa","wfo-0000212779","species","L.","Fabaceae","Vicia","Accepted","FUZZY"
"Vicia segetalis","Vicia sativa subsp. nigra","wfo-0000212782","subspecies","Ehrh.","Fabaceae","Vicia","Accepted","MATCH"
"Vicia sepium","Vicia sepium","wfo-0000212792","species","L.","Fabaceae","Vicia","Accepted","MATCH"
"Vicia serratifolia","Vicia serratifolia","wfo-0000212794","species","Jacq.","Fabaceae","Vicia","Accepted","MATCH"
"Vicia tenuifolia","Vicia tenuifolia","wfo-0000212800","species","Roth","Fabaceae","Vicia","Accepted","MATCH"
"Vicia tenuifolia tenuifolia","Vicia tenuifolia","wfo-0000212800","species","Roth","Fabaceae","Vicia","Accepted","FUZZY"
"Vicia tetrasperma","Vicia tetrasperma","wfo-0000212802","species","(L.) Schreb.","Fabaceae","Vicia","Accepted","MATCH"
"Vicia villosa","Vicia villosa","wfo-0000212804","species","Roth","Fabaceae","Vicia","Accepted","MATCH"
"Vicia villosa ambigua","Vicia villosa","wfo-0000212804","species","Roth","Fabaceae","Vicia","Accepted","FUZZY"
"Vicia villosa varia","Vicia villosa subsp. varia","wfo-0000212809","subspecies","(Host) Corb.","Fabaceae","Vicia","Accepted","FUZZY"
"Vinca major","Vinca major","wfo-0000332784","species","L.","Apocynaceae","Vinca","Accepted","MATCH"
"Vincetoxicum hirundinaria","Vincetoxicum hirundinaria","wfo-0000421723","species","Medik.","Apocynaceae","Vincetoxicum","Accepted","MATCH"
"Viola","Viola","wfo-4000040312","genus","L.","Violaceae","Viola","Accepted","MATCH"
"Viola alba","Viola alba","wfo-0000426240","species","Besser","Violaceae","Viola","Accepted","MATCH"
"Viola arvensis","Viola arvensis","wfo-0000426676","species","Murray","Violaceae","Viola","Accepted","MATCH"
"Viola arvensis arvensis","Viola arvensis","wfo-0000426676","species","Murray","Violaceae","Viola","Accepted","FUZZY"
"Viola arvensis contempta","Viola arvensis","wfo-0000426676","species","Murray","Violaceae","Viola","Accepted","FUZZY"
"Viola canina","Viola canina","wfo-0000426538","species","L.","Violaceae","Viola","Accepted","MATCH"
"Viola hirta","Viola hirta","wfo-0000423911","species","L.","Violaceae","Viola","Accepted","MATCH"
"Viola kaitaibeliana","Viola kitaibeliana","wfo-0000424301","species","Schult.","Violaceae","Viola","Accepted","FUZZY"
"Viola kitaibeliana","Viola kitaibeliana","wfo-0000424301","species","Schult.","Violaceae","Viola","Accepted","MATCH"
"Viola odorata","Viola odorata","wfo-0000423364","species","L.","Violaceae","Viola","Accepted","MATCH"
"Viola palustris","Viola palustris","wfo-0000423437","species","L.","Violaceae","Viola","Accepted","MATCH"
"Viola reichenbachiana","Viola reichenbachiana","wfo-0000423803","species","Jord. ex Boreau","Violaceae","Viola","Accepted","MATCH"
"Viola riviniana","Viola riviniana","wfo-0000423605","species","Rchb.","Violaceae","Viola","Accepted","MATCH"
"Viola tricolor","Viola tricolor","wfo-0000424643","species","L.","Violaceae","Viola","Accepted","MATCH"
"Viola tricolor tricolor","Viola tricolor","wfo-0000424643","species","L.","Violaceae","Viola","Accepted","FUZZY"
"Visnaga daucoides","Visnaga daucoides","wfo-0000421889","species","Gaertn.","Apiaceae","Visnaga","Accepted","MATCH"
"Vitis","Vitis","wfo-4000040377","genus","L.","Vitaceae","Vitis","Accepted","MATCH"
"Vitis rupestris","Vitis rupestris","wfo-0000421804","species","Scheele","Vitaceae","Vitis","Accepted","MATCH"
"Vitis vinifera","Vitis vinifera","wfo-0000421791","species","L.","Vitaceae","Vitis","Accepted","MATCH"
"Vitis vinifera vinifera","Vitis vinifera","wfo-0000421791","species","L.","Vitaceae","Vitis","Accepted","FUZZY"
"Vogtia annua","Tanacetum annuum","wfo-0000003383","species","L.","Asteraceae","Tanacetum","Accepted","MATCH"
"Vulpia","Festuca","wfo-4000014703","genus","Tourn. ex L.","Poaceae","Festuca","Accepted","MATCH"
"Vulpia bromoides","Festuca bromoides","wfo-0000869987","species","L.","Poaceae","Festuca","Accepted","MATCH"
"Vulpia ciliata","Festuca ambigua","wfo-0000869737","species","Le Gall","Poaceae","Festuca","Accepted","MATCH"
"Vulpia fasciculata","Festuca fasciculata","wfo-0000870479","species","Forssk.","Poaceae","Festuca","Accepted","MATCH"
"Vulpia geniculata","Festuca geniculata","wfo-0001097298","species","(L.) Lag. & Rodr.","Poaceae","Festuca","Accepted","MATCH"
"Vulpia ligustica","Festuca ligustica","wfo-0000870924","species","(All.) Bertol.","Poaceae","Festuca","Accepted","MATCH"
"Vulpia myuros","Festuca myuros","wfo-0000871095","species","L.","Poaceae","Festuca","Accepted","MATCH"
"Vulpia myuros longiaristata","Festuca myuros","wfo-0000871095","species","L.","Poaceae","Festuca","Accepted","FUZZY"
"Vulpia myuros myuros","Festuca myuros","wfo-0000871095","species","L.","Poaceae","Festuca","Accepted","FUZZY"
"Vulpia myuros sciuroides","Festuca myuros","wfo-0000871095","species","L.","Poaceae","Festuca","Accepted","FUZZY"
"Vulpia unilateralis","Festuca maritima","wfo-0000871003","species","L.","Poaceae","Festuca","Accepted","MATCH"
"x Conyzerigeron","Festuca myuros","wfo-0000871095","species","L.","Poaceae","Festuca","Accepted","MATCH"
"x Hesperotropsis leylandii","× Hesperotropsis × leylandii","wfo-0001333418","species","(A.B.Jacks. & Dallim.) Garland & Gerry Moore","Cupressaceae","Hesperotropsis","Accepted","FUZZY"
"x Rimpaui","× Hesperotropsis × leylandii","wfo-0001333418","species","(A.B.Jacks. & Dallim.) Garland & Gerry Moore","Cupressaceae","Hesperotropsis","Accepted","MATCH"
"x Triticosecale","Triticosecale","wfo-4000039396","genus","Wittm. ex Degen","Poaceae","Triticosecale","Accepted","FUZZY"
"x Triticosecale rimpaui","Triticosecale rimpaui","wfo-0000841235","species","Wittm.","Poaceae","Triticosecale","Unchecked","FUZZY"
"Xanthium","Xanthium","wfo-4000040868","genus","L.","Asteraceae","Xanthium","Accepted","MATCH"
"Xanthium cavanillesii","Xanthium cavanillesii","wfo-0000106686","species","Schouw ex Didr.","Asteraceae","Xanthium","Accepted","MATCH"
"Xanthium echinatum","Xanthium strumarium","wfo-0000082132","species","L.","Asteraceae","Xanthium","Accepted","MATCH"
"Xanthium echinatum italicum","Xanthium strumarium","wfo-0000082132","species","L.","Asteraceae","Xanthium","Accepted","FUZZY"
"Xanthium orientale","Xanthium orientale","wfo-0000021160","species","L.","Asteraceae","Xanthium","Accepted","MATCH"
"Xanthium orientale italicum","Xanthium orientale","wfo-0000021160","species","L.","Asteraceae","Xanthium","Accepted","FUZZY"
"Xanthium orientale orientale","Xanthium strumarium subsp. strumarium","wfo-0000046646","subspecies","","Asteraceae","Xanthium","Accepted","FUZZY"
"Xanthium spinosum","Xanthium spinosum","wfo-0000032434","species","L.","Asteraceae","Xanthium","Accepted","MATCH"
"Xanthium strumarium","Xanthium strumarium","wfo-0000008369","species","Lour.","Asteraceae","Xanthium","Accepted","MATCH"
"Xanthium strumarium italicum","Xanthium strumarium","wfo-0000008369","species","Lour.","Asteraceae","Xanthium","Accepted","FUZZY"
"Xeranthemum","Xeranthemum","wfo-4000040932","genus","L.","Asteraceae","Xeranthemum","Accepted","MATCH"
"Xeranthemum cylindraceum","Xeranthemum cylindraceum","wfo-0000133968","species","Sm.","Asteraceae","Xeranthemum","Accepted","MATCH"
"Xeranthemum inapertum","Xeranthemum inapertum","wfo-0000129366","species","(L.) Mill.","Asteraceae","Xeranthemum","Accepted","MATCH"
"Zea mays","Zea mays","wfo-0000907754","species","L.","Poaceae","Zea","Accepted","MATCH"
"Ziziphora acinos","Clinopodium acinos","wfo-0000890516","species","(L.) Kuntze","Lamiaceae","Clinopodium","Accepted","MATCH"
